   0  0 rectangles_0
   1  1 rectangles_1
   2  2 color_0
   3  3 color_1
   4  4 color_2
   5  5 color_3
                              ______________In Sample_____________ |  _________Out of Sample (fixed)______ |  ________Out of Sample (random)______
                      Step    CAE_AE     AE_AE     CAE_C       C_C    CAE_AE     AE_AE     CAE_C       C_C    CAE_AE     AE_AE     CAE_C       C_C     Kappa Learning Rate
2017-11-14 22:03:49      1   0.54251   0.54768   4.84039   4.22417   0.53421   0.54076   4.75412   4.21650   0.54400   0.54952   4.75641   4.18242     1.000 0.00099950  Graphing
                              ______________In Sample_____________ |  _________Out of Sample (fixed)______ |  ________Out of Sample (random)______
                      Step    CAE_AE     AE_AE     CAE_C       C_C    CAE_AE     AE_AE     CAE_C       C_C    CAE_AE     AE_AE     CAE_C       C_C     Kappa Learning Rate
2017-11-14 22:03:53     10   0.19457   0.12244   3.74517   3.88028   0.19904   0.12013   3.76608   3.90218   0.14308   0.11119   3.69313   3.84235     1.000 0.00099501 
2017-11-14 22:03:54     20   0.10410   0.08986   3.57341   3.82823   0.10800   0.09818   3.49459   3.79223   0.10245   0.09297   3.50198   3.74429     1.000 0.00099005 
2017-11-14 22:03:56     30   0.10423   0.09673   3.36055   3.68334   0.10019   0.09164   3.34128   3.73550   0.10087   0.09198   3.42032   3.69168     1.000 0.00098511 
2017-11-14 22:03:57     40   0.10136   0.09614   3.28780   3.66602   0.09120   0.08725   3.21982   3.68652   0.08719   0.08540   3.28796   3.68701     1.000 0.00098020 
2017-11-14 22:03:58     50   0.08089   0.08177   3.18995   3.66648   0.08725   0.08592   3.11449   3.64804   0.08574   0.08588   3.13128   3.64880     1.000 0.00097531 
2017-11-14 22:03:59     60   0.08570   0.09571   3.04509   3.61866   0.08189   0.09952   3.02352   3.62212   0.07785   0.07937   3.09405   3.62420     1.000 0.00097045 
2017-11-14 22:04:00     70   0.08272   0.08953   3.06208   3.63123   0.07770   0.08755   2.93664   3.60984   0.07267   0.08018   2.97319   3.61131     1.000 0.00096561 
2017-11-14 22:04:01     80   0.07623   0.08146   2.96837   3.65177   0.07376   0.08481   2.85039   3.60713   0.07546   0.08456   2.91325   3.61722     1.000 0.00096079 
2017-11-14 22:04:02     90   0.07301   0.07705   2.83417   3.62401   0.07006   0.07613   2.76180   3.59764   0.06765   0.07218   2.85741   3.61644     1.000 0.00095600 
2017-11-14 22:04:03    100   0.07457   0.10329   2.85949   3.63801   0.07000   0.10039   2.68419   3.59960   0.07385   0.10385   2.77512   3.62401     1.000 0.00095123  Graphing
                              ______________In Sample_____________ |  _________Out of Sample (fixed)______ |  ________Out of Sample (random)______
                      Step    CAE_AE     AE_AE     CAE_C       C_C    CAE_AE     AE_AE     CAE_C       C_C    CAE_AE     AE_AE     CAE_C       C_C     Kappa Learning Rate
2017-11-14 22:04:07    110   0.07424   0.08720   2.78795   3.61226   0.06622   0.08290   2.61591   3.60119   0.06070   0.07541   2.79658   3.62290     1.000 0.00094649 
2017-11-14 22:04:08    120   0.07356   0.08913   2.58563   3.60733   0.06475   0.08124   2.55397   3.59787   0.07043   0.07896   2.71836   3.64287     1.000 0.00094176 
2017-11-14 22:04:10    130   0.07247   0.08341   2.78454   3.61755   0.06503   0.07865   2.70304   3.59520   0.05793   0.06637   2.81184   3.63792     1.000 0.00093707 
2017-11-14 22:04:11    140   0.07407   0.08443   2.63252   3.62214   0.06874   0.07942   2.55319   3.59785   0.06285   0.07037   2.74789   3.63526     1.000 0.00093239 
2017-11-14 22:04:12    150   0.07433   0.08418   2.67359   3.64472   0.06436   0.07611   2.51843   3.59843   0.06805   0.07733   2.64437   3.61959     1.000 0.00092774 
2017-11-14 22:04:13    160   0.06730   0.07429   2.69227   3.62050   0.06295   0.07132   2.56667   3.60119   0.05552   0.06493   2.65446   3.62441     1.000 0.00092312 
2017-11-14 22:04:14    170   0.06698   0.05854   2.67195   3.63093   0.06167   0.06147   2.50122   3.59787   0.06385   0.06224   2.60013   3.61355     1.000 0.00091851 
2017-11-14 22:04:15    180   0.06323   0.05014   2.71047   3.65127   0.06064   0.05549   2.42206   3.59988   0.05646   0.04643   2.57775   3.62324     1.000 0.00091393 
2017-11-14 22:04:16    190   0.07048   0.04488   2.51045   3.63842   0.05945   0.05078   2.37573   3.59237   0.06595   0.04961   2.61174   3.61672     1.000 0.00090937 
2017-11-14 22:04:17    200   0.06537   0.04449   2.46110   3.63773   0.05886   0.04808   2.33134   3.58626   0.06336   0.04655   2.38855   3.59123     1.000 0.00090484  Graphing
                              ______________In Sample_____________ |  _________Out of Sample (fixed)______ |  ________Out of Sample (random)______
                      Step    CAE_AE     AE_AE     CAE_C       C_C    CAE_AE     AE_AE     CAE_C       C_C    CAE_AE     AE_AE     CAE_C       C_C     Kappa Learning Rate
2017-11-14 22:04:21    210   0.06109   0.03700   2.57506   3.62840   0.05919   0.04630   2.29207   3.59188   0.05898   0.04035   2.42638   3.63054     1.000 0.00090032 
2017-11-14 22:04:22    220   0.06392   0.03815   2.44865   3.62803   0.05728   0.04406   2.27166   3.59325   0.06688   0.04077   2.40167   3.62543     1.000 0.00089583 
2017-11-14 22:04:24    230   0.06297   0.03216   2.51214   3.66278   0.05662   0.04246   2.23437   3.59577   0.06200   0.03742   2.42252   3.61676     1.000 0.00089137 
2017-11-14 22:04:25    240   0.06340   0.03446   2.58796   3.64599   0.05588   0.04104   2.21750   3.59336   0.05857   0.04069   2.18434   3.61249     1.000 0.00088692 
2017-11-14 22:04:26    250   0.06247   0.03460   2.48217   3.63024   0.05679   0.04021   2.20143   3.59684   0.06380   0.04053   2.37120   3.59179     1.000 0.00088250 
2017-11-14 22:04:27    260   0.06883   0.03387   2.44097   3.62712   0.05513   0.03872   2.16767   3.59877   0.05125   0.04038   2.17045   3.58881     1.000 0.00087810 
2017-11-14 22:04:28    270   0.07541   0.03217   2.39997   3.65419   0.05475   0.03820   2.14981   3.59489   0.05077   0.03716   2.17473   3.60932     1.000 0.00087372 
2017-11-14 22:04:29    280   0.05889   0.03511   2.27108   3.63243   0.05471   0.03807   2.12792   3.59805   0.05904   0.03443   2.31095   3.62041     1.000 0.00086936 
2017-11-14 22:04:30    290   0.06034   0.03058   2.45942   3.63912   0.05422   0.03720   2.10994   3.59684   0.05769   0.03630   2.13468   3.62426     1.000 0.00086502 
2017-11-14 22:04:32    300   0.06093   0.02860   2.49188   3.64621   0.05369   0.03616   2.09048   3.59860   0.06911   0.03561   2.17216   3.61400     1.000 0.00086071  Graphing
                              ______________In Sample_____________ |  _________Out of Sample (fixed)______ |  ________Out of Sample (random)______
                      Step    CAE_AE     AE_AE     CAE_C       C_C    CAE_AE     AE_AE     CAE_C       C_C    CAE_AE     AE_AE     CAE_C       C_C     Kappa Learning Rate
2017-11-14 22:04:36    310   0.06295   0.03163   2.37544   3.62333   0.05400   0.03774   2.07463   3.59941   0.05269   0.03786   2.10419   3.59658     1.000 0.00085642 
2017-11-14 22:04:37    320   0.06115   0.03178   2.26023   3.61951   0.05406   0.03502   2.05819   3.60001   0.05391   0.03584   2.07605   3.62086     1.000 0.00085214 
2017-11-14 22:04:38    330   0.05225   0.03206   2.12854   3.61712   0.05358   0.03547   2.04270   3.59874   0.05921   0.03253   2.14458   3.63639     1.000 0.00084789 
2017-11-14 22:04:39    340   0.05997   0.02557   2.43956   3.64962   0.05373   0.03385   2.02071   3.59898   0.05249   0.03401   2.09249   3.62774     1.000 0.00084366 
2017-11-14 22:04:40    350   0.05564   0.03077   2.09734   3.62639   0.05282   0.03351   2.00120   3.59783   0.05866   0.02968   2.19786   3.64455     1.000 0.00083946 
2017-11-14 22:04:41    360   0.04650   0.02681   2.15528   3.64707   0.05416   0.03320   1.98039   3.59979   0.05131   0.03280   2.04378   3.61024     1.000 0.00083527 
2017-11-14 22:04:42    370   0.06412   0.02961   2.12851   3.64042   0.05399   0.03299   1.96394   3.60131   0.05646   0.03172   1.94548   3.60389     1.000 0.00083110 
2017-11-14 22:04:44    380   0.05946   0.02922   2.05162   3.63367   0.05442   0.03253   1.94527   3.59813   0.05867   0.03049   2.09289   3.61329     1.000 0.00082696 
2017-11-14 22:04:45    390   0.05739   0.02744   2.19561   3.63238   0.05356   0.03194   1.93613   3.59518   0.04928   0.03099   1.93635   3.61682     1.000 0.00082283 
2017-11-14 22:04:46    400   0.05280   0.02531   2.39091   3.63086   0.05236   0.03149   1.91245   3.59374   0.05623   0.02989   2.15794   3.62194     1.000 0.00081873  Graphing
                              ______________In Sample_____________ |  _________Out of Sample (fixed)______ |  ________Out of Sample (random)______
                      Step    CAE_AE     AE_AE     CAE_C       C_C    CAE_AE     AE_AE     CAE_C       C_C    CAE_AE     AE_AE     CAE_C       C_C     Kappa Learning Rate
2017-11-14 22:04:50    410   0.06620   0.02727   2.05481   3.63227   0.05233   0.03114   1.89524   3.60318   0.05885   0.03165   1.90387   3.58994     1.000 0.00081465 
2017-11-14 22:04:51    420   0.05981   0.02349   2.21651   3.63820   0.05127   0.03084   1.88326   3.59813   0.05159   0.03136   1.82957   3.60383     1.000 0.00081058 
2017-11-14 22:04:52    430   0.05991   0.02730   2.07514   3.61840   0.05233   0.03043   1.86674   3.59646   0.05796   0.03012   2.06536   3.61394     1.000 0.00080654 
2017-11-14 22:04:53    440   0.05703   0.02691   2.12212   3.61133   0.05538   0.03005   1.85360   3.59616   0.05451   0.02649   2.02935   3.64179     1.000 0.00080252 
2017-11-14 22:04:55    450   0.06291   0.02791   2.07493   3.62181   0.05397   0.02981   1.83894   3.59830   0.06817   0.03122   1.90476   3.61325     1.000 0.00079852 
2017-11-14 22:04:56    460   0.06183   0.02509   2.11004   3.62972   0.05531   0.02981   1.81632   3.59867   0.05820   0.03015   1.83600   3.59890     1.000 0.00079453 
2017-11-14 22:04:57    470   0.05699   0.02921   1.87136   3.59520   0.05283   0.02994   1.79946   3.59918   0.05573   0.03119   1.75655   3.61966     1.000 0.00079057 
2017-11-14 22:04:58    480   0.05819   0.02722   1.88634   3.61525   0.05077   0.03004   1.78062   3.59306   0.05471   0.02873   1.87390   3.63093     1.000 0.00078663 
2017-11-14 22:04:59    490   0.05969   0.02514   1.95189   3.64305   0.05031   0.02894   1.76319   3.59525   0.05488   0.02888   1.84483   3.60628     1.000 0.00078270 
2017-11-14 22:05:00    500   0.06363   0.02541   1.89905   3.63359   0.04999   0.02901   1.74540   3.59677   0.05698   0.03056   1.82229   3.60660     1.000 0.00077880  Graphing
                              ______________In Sample_____________ |  _________Out of Sample (fixed)______ |  ________Out of Sample (random)______
                      Step    CAE_AE     AE_AE     CAE_C       C_C    CAE_AE     AE_AE     CAE_C       C_C    CAE_AE     AE_AE     CAE_C       C_C     Kappa Learning Rate
2017-11-14 22:05:04    510   0.06994   0.02672   1.83351   3.64896   0.04977   0.03053   1.72767   3.59873   0.04803   0.03003   1.67607   3.60719     1.000 0.00077492 
2017-11-14 22:05:06    520   0.06635   0.02586   1.95783   3.65286   0.05099   0.02861   1.71273   3.60107   0.04611   0.02575   1.92996   3.61269     1.000 0.00077105 
2017-11-14 22:05:07    530   0.05278   0.02453   1.88542   3.62783   0.05184   0.02886   1.69786   3.59810   0.05059   0.02600   1.79679   3.63571     1.000 0.00076721 
2017-11-14 22:05:08    540   0.05801   0.02386   1.91115   3.64298   0.05049   0.02847   1.68198   3.59457   0.05291   0.02610   1.83770   3.62359     1.000 0.00076338 
2017-11-14 22:05:09    550   0.06175   0.02378   2.06095   3.65687   0.04958   0.02807   1.66679   3.59666   0.04581   0.02841   1.69058   3.58962     1.000 0.00075957 
2017-11-14 22:05:10    560   0.05549   0.02472   2.01432   3.63657   0.04871   0.02821   1.65117   3.59528   0.04235   0.02486   1.76466   3.63340     1.000 0.00075578 
2017-11-14 22:05:11    570   0.06342   0.02494   1.84241   3.62700   0.04818   0.02796   1.63653   3.59839   0.04627   0.02538   1.83596   3.63458     1.000 0.00075201 
2017-11-14 22:05:12    580   0.04583   0.02374   1.72186   3.62459   0.04825   0.02760   1.62324   3.60069   0.04877   0.02648   1.67273   3.63079     1.000 0.00074826 
2017-11-14 22:05:14    590   0.05232   0.02353   1.95076   3.64122   0.04754   0.02896   1.60914   3.60268   0.04912   0.02660   1.79619   3.62524     1.000 0.00074453 
2017-11-14 22:05:15    600   0.05802   0.02703   1.61835   3.62264   0.04689   0.02879   1.59468   3.59988   0.05163   0.02319   1.90014   3.65203     1.000 0.00074082  Graphing
                              ______________In Sample_____________ |  _________Out of Sample (fixed)______ |  ________Out of Sample (random)______
                      Step    CAE_AE     AE_AE     CAE_C       C_C    CAE_AE     AE_AE     CAE_C       C_C    CAE_AE     AE_AE     CAE_C       C_C     Kappa Learning Rate
2017-11-14 22:05:19    610   0.05869   0.02461   1.73889   3.62354   0.04799   0.02822   1.58180   3.59044   0.03828   0.02408   1.77121   3.61897     1.000 0.00073712 
2017-11-14 22:05:20    620   0.04664   0.02569   1.55577   3.61481   0.04366   0.02771   1.56569   3.59041   0.04925   0.02759   1.58157   3.61648     1.000 0.00073345 
2017-11-14 22:05:21    630   0.04497   0.02420   1.69590   3.63858   0.03609   0.02749   1.55566   3.59170   0.04640   0.02709   1.57159   3.62680     1.000 0.00072979 
2017-11-14 22:05:22    640   0.03099   0.02612   1.67425   3.63767   0.03138   0.02781   1.54518   3.59447   0.04952   0.02612   1.51635   3.64698     1.000 0.00072615 
2017-11-14 22:05:23    650   0.04552   0.02389   1.86637   3.63802   0.02912   0.02727   1.54888   3.59634   0.03162   0.02719   1.49766   3.60902     1.000 0.00072253 
2017-11-14 22:05:25    660   0.03543   0.02464   1.73491   3.62095   0.03298   0.02789   1.52474   3.59644   0.03901   0.02469   1.68568   3.62301     1.000 0.00071892 
2017-11-14 22:05:26    670   0.03768   0.02506   1.46786   3.62853   0.03090   0.02767   1.51708   3.59314   0.03225   0.02407   1.66862   3.63640     1.000 0.00071534 
2017-11-14 22:05:27    680   0.07372   0.02144   1.85339   3.64372   0.06483   0.02746   1.51822   3.59477   0.06147   0.02554   1.74977   3.62234     1.000 0.00071177 
2017-11-14 22:05:28    690   0.06935   0.01923   2.70626   3.64180   0.07695   0.02809   2.09563   3.60152   0.07890   0.02609   2.29989   3.60991     1.000 0.00070822 
2017-11-14 22:05:29    700   0.06808   0.02378   3.23884   3.63801   0.06970   0.02862   2.76606   3.59912   0.06547   0.02652   2.94884   3.61864     1.000 0.00070469  Graphing
                              ______________In Sample_____________ |  _________Out of Sample (fixed)______ |  ________Out of Sample (random)______
                      Step    CAE_AE     AE_AE     CAE_C       C_C    CAE_AE     AE_AE     CAE_C       C_C    CAE_AE     AE_AE     CAE_C       C_C     Kappa Learning Rate
2017-11-14 22:05:33    710   0.06189   0.02504   2.87449   3.62786   0.06394   0.02687   2.49417   3.59212   0.06671   0.02751   2.56695   3.59824     1.000 0.00070117 
2017-11-14 22:05:34    720   0.06718   0.02589   2.57855   3.62827   0.06156   0.02830   2.33864   3.59420   0.06324   0.02497   2.43739   3.63717     1.000 0.00069768 
2017-11-14 22:05:36    730   0.05858   0.02248   2.27526   3.62470   0.05884   0.02857   1.94843   3.59550   0.05670   0.02547   2.12536   3.61706     1.000 0.00069420 
2017-11-14 22:05:37    740   0.05874   0.01946   2.19566   3.63170   0.05763   0.02641   1.82264   3.60345   0.06383   0.02514   2.04985   3.60800     1.000 0.00069073 
2017-11-14 22:05:38    750   0.06847   0.01959   2.73373   3.63998   0.05833   0.02722   2.42270   3.60177   0.05845   0.02161   2.44217   3.63084     1.000 0.00068729 
2017-11-14 22:05:39    760   0.07053   0.01930   2.39057   3.64342   0.05825   0.02472   1.98758   3.59569   0.05557   0.02214   2.18587   3.61176     1.000 0.00068386 
2017-11-14 22:05:40    770   0.06363   0.02217   2.17411   3.61639   0.05910   0.02337   1.92866   3.59477   0.05337   0.02247   2.21597   3.61672     1.000 0.00068045 
2017-11-14 22:05:41    780   0.06624   0.02146   2.16841   3.64269   0.05685   0.02284   1.98878   3.59074   0.05231   0.01760   2.29018   3.62941     1.000 0.000