   0  4 Bald
   1 15 Eyeglasses
   2 20 Male
   3 22 Mustache
   4 24 No_Beard
2017-12-08 11:51:14      1     0.357     3.432     0.357     3.432     0.015     3.432     0.002     0.014     3.459     0.072 0.00010000  Graphing
     0.56,   0.56,   0.55,   0.54,   0.29,   0.03,   0.03,   0.06,   0.06,   0.05
[-0.96875 -0.90625 -0.46875 -0.9375   0.71875] [-0.02925602 -0.58106363  0.7313363  -0.50882167  0.55055887]
Date                  Step    Loss_X    Loss_G    Loss_Z  Loss_PIN     kappa learning_rate
2017-12-08 11:51:17     10     0.113     2.886     0.113     2.886     0.082     2.886     0.000     0.080     2.870     0.072 0.00009996 
2017-12-08 11:51:18     20     0.082     2.827     0.082     2.827     0.023     2.827     0.000     0.023     2.848     0.072 0.00009992 
2017-12-08 11:51:19     30     0.068     3.209     0.068     3.209     0.016     3.209     0.001     0.015     3.260     0.072 0.00009988 
2017-12-08 11:51:20     40     0.061     3.065     0.061     3.065     0.010     3.065     0.001     0.009     3.071     0.072 0.00009984 
2017-12-08 11:51:21     50     0.057     3.129     0.057     3.129     0.012     3.129     0.001     0.012     3.115     0.072 0.00009980 
2017-12-08 11:51:22     60     0.049     2.923     0.049     2.923     0.018     2.923     0.001     0.018     2.974     0.072 0.00009976 
2017-12-08 11:51:23     70     0.043     3.227     0.043     3.227     0.009     3.227     0.002     0.010     3.270     0.072 0.00009972 
2017-12-08 11:51:24     80     0.040     3.114     0.040     3.114     0.006     3.114     0.003     0.008     3.216     0.072 0.00009968 
2017-12-08 11:51:25     90     0.035     2.914     0.035     2.914     0.007     2.914     0.002     0.008     2.988     0.072 0.00009964 
2017-12-08 11:51:26    100     0.033     2.953     0.033     2.953     0.007     2.953     0.003     0.008     3.033     0.072 0.00009960  Graphing
     0.56,   0.56,   0.55,   0.54,   0.29,   0.59,   0.58,   0.57,   0.57,   0.25
[-0.90625 -0.84375 -0.09375 -0.875    0.59375] [-0.27158317 -0.63066345  0.70527542 -0.52926797  0.62293553]
Date                  Step    Loss_X    Loss_G    Loss_Z  Loss_PIN     kappa learning_rate
2017-12-08 11:51:29    110     0.032     2.883     0.032     2.883     0.005     2.883     0.004     0.007     2.991     0.072 0.00009956 
2017-12-08 11:51:30    120     0.029     2.926     0.029     2.926     0.004     2.926     0.004     0.007     3.004     0.072 0.00009952 
2017-12-08 11:51:31    130     0.026     2.856     0.026     2.856     0.004     2.856     0.005     0.007     2.970     0.072 0.00009948 
2017-12-08 11:51:32    140     0.026     2.866     0.026     2.866     0.004     2.866     0.004     0.007     2.888     0.072 0.00009944 
2017-12-08 11:51:33    150     0.025     2.764     0.025     2.764     0.003     2.764     0.005     0.007     2.863     0.072 0.00009940 
2017-12-08 11:51:34    160     0.025     2.946     0.025     2.946     0.004     2.946     0.006     0.008     3.016     0.072 0.00009936 
2017-12-08 11:51:35    170     0.024     2.778     0.024     2.778     0.003     2.778     0.006     0.007     2.813     0.072 0.00009932 
2017-12-08 11:51:36    180     0.022     2.714     0.022     2.714     0.004     2.714     0.007     0.008     2.818     0.072 0.00009928 
2017-12-08 11:51:37    190     0.023     2.704     0.023     2.704     0.003     2.704     0.006     0.007     2.716     0.072 0.00009924 
2017-12-08 11:51:38    200     0.022     2.630     0.022     2.630     0.003     2.630     0.007     0.008     2.709     0.072 0.00009920  Graphing
     0.53,   0.53,   0.55,   0.54,   0.29,   0.51,   0.49,   0.52,   0.52,   0.22
[-0.9375  -0.96875 -0.15625 -0.9375   0.6875 ] [-0.4245742  -0.66194707  0.67302871 -0.5606609   0.65139139]
Date                  Step    Loss_X    Loss_G    Loss_Z  Loss_PIN     kappa learning_rate
2017-12-08 11:51:40    210     0.021     2.682     0.021     2.682     0.004     2.682     0.007     0.008     2.732     0.072 0.00009916 
2017-12-08 11:51:41    220     0.019     2.705     0.019     2.705     0.003     2.705     0.007     0.008     2.753     0.072 0.00009912 
2017-12-08 11:51:42    230     0.022     2.721     0.022     2.721     0.003     2.721     0.008     0.010     2.783     0.072 0.00009908 
2017-12-08 11:51:43    240     0.021     2.652     0.021     2.652     0.003     2.652     0.008     0.010     2.735     0.072 0.00009904 
2017-12-08 11:51:44    250     0.020     2.700     0.020     2.700     0.003     2.700     0.008     0.010     2.745     0.072 0.00009900 
2017-12-08 11:51:45    260     0.020     2.457     0.020     2.457     0.003     2.457     0.007     0.009     2.514     0.072 0.00009897 
2017-12-08 11:51:46    270     0.019     2.621     0.019     2.621     0.003     2.621     0.008     0.009     2.662     0.072 0.00009893 
2017-12-08 11:51:47    280     0.019     2.467     0.019     2.467     0.003     2.467     0.008     0.010     2.515     0.072 0.00009889 
2017-12-08 11:51:48    290     0.019     2.461     0.019     2.461     0.003     2.461     0.008     0.010     2.529     0.072 0.00009885 
2017-12-08 11:51:49    300     0.019     2.518     0.019     2.518     0.003     2.518     0.008     0.010     2.558     0.072 0.00009881  Graphing
     0.56,   0.56,   0.55,   0.54,   0.29,   0.56,   0.54,   0.54,   0.54,   0.26
[-0.96875 -0.875   -0.15625 -0.9375   0.5625 ] [-0.54933697 -0.69259989  0.62662214 -0.58366334  0.65964985]
Date                  Step    Loss_X    Loss_G    Loss_Z  Loss_PIN     kappa learning_rate
2017-12-08 11:51:52    310     0.019     2.474     0.019     2.474     0.003     2.474     0.009     0.010     2.538     0.072 0.00009877 
2017-12-08 11:51:53    320     0.017     2.465     0.017     2.465     0.003     2.465     0.009     0.009     2.471     0.072 0.00009873 
2017-12-08 11:51:54    330     0.015     2.437     0.015     2.437     0.003     2.437     0.008     0.009     2.504     0.072 0.00009869 
2017-12-08 11:51:55    340     0.019     2.460     0.019     2.460     0.003     2.460     0.009     0.010     2.524     0.072 0.00009865 
2017-12-08 11:51:56    350     0.015     2.424     0.015     2.424     0.003     2.424     0.009     0.009     2.427     0.072 0.00009861 
2017-12-08 11:51:57    360     0.019     2.319     0.019     2.319     0.003     2.319     0.009     0.010     2.375     0.072 0.00009857 
2017-12-08 11:51:58    370     0.018     2.334     0.018     2.334     0.003     2.334     0.008     0.009     2.334     0.072 0.00009853 
2017-12-08 11:51:59    380     0.017     2.432     0.017     2.432     0.003     2.432     0.010     0.011     2.494     0.072 0.00009849 
2017-12-08 11:52:00    390     0.015     2.408     0.015     2.408     0.002     2.408     0.009     0.009     2.465     0.072 0.00009845 
2017-12-08 11:52:01    400     0.016     2.233     0.016     2.233     0.003     2.233     0.009     0.009     2.276     0.072 0.00009841  Graphing
     0.55,   0.55,   0.55,   0.54,   0.29,   0.55,   0.53,   0.54,   0.55,   0.27
[-0.96875 -0.90625 -0.21875 -0.90625  0.84375] [-0.6129185  -0.70921886  0.55881    -0.60109663  0.66211313]
Date                  Step    Loss_X    Loss_G    Loss_Z  Loss_PIN     kappa learning_rate
2017-12-08 11:52:03    410     0.017     2.452     0.017     2.452     0.003     2.452     0.010     0.010     2.482     0.072 0.00009837 
2017-12-08 11:52:04    420     0.017     2.186     0.017     2.186     0.002     2.186     0.009     0.010     2.226     0.072 0.00009833 
2017-12-08 11:52:05    430     0.016     2.300     0.016     2.300     0.002     2.300     0.010     0.010     2.301     0.072 0.00009829 
2017-12-08 11:52:06    440     0.017     2.244     0.017     2.244     0.002     2.244     0.010     0.009     2.291     0.072 0.00009826 
2017-12-08 11:52:07    450     0.015     2.301     0.015     2.301     0.002     2.301     0.011     0.010     2.340     0.072 0.00009822 
2017-12-08 11:52:08    460     0.015     2.178     0.015     2.178     0.002     2.178     0.010     0.009     2.200     0.072 0.00009818 
2017-12-08 11:52:09    470     0.015     2.153     0.015     2.153     0.002     2.153     0.010     0.009     2.218     0.072 0.00009814 
2017-12-08 11:52:10    480     0.015     2.382     0.015     2.382     0.002     2.382     0.011     0.010     2.424     0.072 0.00009810 
2017-12-08 11:52:11    490     0.015     2.174     0.015     2.174     0.002     2.174     0.011     0.010     2.217     0.072 0.00009806 
2017-12-08 11:52:12    500     0.015     2.336     0.015     2.336     0.002     2.336     0.011     0.010     2.350     0.072 0.00009802  Graphing
     0.58,   0.58,   0.55,   0.54,   0.29,   0.59,   0.57,   0.55,   0.56,   0.28
[-0.96875 -0.625    0.      -1.       0.625  ] [-0.66516387 -0.72156429  0.45935762 -0.6258564   0.66559929]
Date                  Step    Loss_X    Loss_G    Loss_Z  Loss_PIN     kappa learning_rate
2017-12-08 11:52:15    510     0.015     2.183     0.015     2.183     0.002     2.183     0.011     0.010     2.212     0.072 0.00009798 
2017-12-08 11:52:16    520     0.015     2.233     0.015     2.233     0.002     2.233     0.012     0.010     2.250     0.072 0.00009794 
2017-12-08 11:52:17    530     0.014     2.095     0.014     2.095     0.002     2.095     0.011     0.009     2.144     0.072 0.00009790 
2017-12-08 11:52:18    540     0.016     2.164     0.016     2.164     0.002     2.164     0.011     0.010     2.208     0.072 0.00009786 
2017-12-08 11:52:19    550     0.015     2.232     0.015     2.232     0.002     2.232     0.012     0.010     2.274     0.072 0.00009782 
2017-12-08 11:52:20    560     0.014     2.113     0.014     2.113     0.002     2.113     0.010     0.009     2.165     0.072 0.00009778 
2017-12-08 11:52:21    570     0.013     2.148     0.013     2.148     0.002     2.148     0.011     0.009     2.197     0.072 0.00009775 
2017-12-08 11:52:22    580     0.013     2.092     0.013     2.092     0.002     2.092     0.012     0.009     2.144     0.072 0.00009771 
2017-12-08 11:52:23    590     0.014     2.340     0.014     2.340     0.002     2.340     0.013     0.011     2.374     0.072 0.00009767 
2017-12-08 11:52:24    600     0.013     2.069     0.013     2.069     0.002     2.069     0.010     0.009     2.135     0.072 0.00009763  Graphing
     0.59,   0.59,   0.55,   0.54,   0.29,   0.60,   0.58,   0.55,   0.56,   0.28
[-0.9375  -0.9375  -0.25    -0.90625  0.6875 ] [-0.69841951 -0.73008215  0.32655463 -0.64807576  0.67194277]
Date                  Step    Loss_X    Loss_G    Loss_Z  Loss_PIN     kappa learning_rate
2017-12-08 11:52:26    610     0.013     2.086     0.013     2.086     0.002     2.086     0.011     0.009     2.147     0.072 0.00009759 
2017-12-08 11:52:27    620     0.012     2.025     0.012     2.025     0.001     2.025     0.011     0.009     2.080     0.072 0.00009755 
2017-12-08 11:52:28    630     0.014     2.170     0.014     2.170     0.002     2.170     0.011     0.009     2.192     0.072 0.00009751 
2017-12-08 11:52:29    640     0.014     1.952     0.014     1.952     0.002     1.952     0.010     0.008     2.016     0.072 0.00009747 
2017-12-08 11:52:30    650     0.014     2.034     0.014     2.034     0.002     2.034     0.011     0.009     2.106     0.072 0.00009743 
2017-12-08 11:52:32    660     0.014     1.895     0.014     1.895     0.002     1.895     0.009     0.008     1.958     0.072 0.00009739 
2017-12-08 11:52:33    670     0.014     2.149     0.014     2.149     0.002     2.149     0.012     0.010     2.196     0.072 0.00009736 
2017-12-08 11:52:34    680     0.013     2.087     0.013     2.087     0.002     2.087     0.012     0.009     2.144     0.072 0.00009732 
2017-12-08 11:52:35    690     0.013     2.169     0.013     2.169     0.002     2.169     0.012     0.009     2.228     0.072 0.00009728 
2017-12-08 11:52:36    700     0.012     1.939     0.012     1.939     0.002     1.939     0.011     0.009     1.995     0.072 0.00009724  Graphing
     0.57,   0.57,   0.55,   0.54,   0.29,   0.57,   0.55,   0.54,   0.55,   0.26
[-0.96875 -0.9375  -0.34375 -0.9375   0.75   ] [-0.71421337 -0.73679519  0.25393558 -0.66563112  0.67518705]
Date                  Step    Loss_X    Loss_G    Loss_Z  Loss_PIN     kappa learning_rate
2017-12-08 11:52:38    710     0.013     2.082     0.013     2.082     0.001     2.082     0.010     0.008     2.062     0.072 0.00009720 
2017-12-08 11:52:39    720     0.013     1.998     0.013     1.998     0.001     1.998     0.011     0.009     2.063     0.072 0.00009716 
2017-12-08 11:52:40    730     0.012     2.055     0.012     2.055     0.001     2.055     0.012     0.009     2.097     0.072 0.00009712 
2017-12-08 11:52:41    740     0.013     1.955     0.013     1.955     0.001     1.955     0.010     0.008     2.020     0.072 0.00009708 
2017-12-08 11:52:43    750     0.014     1.833     0.014     1.833     0.001     1.833     0.010     0.008     1.899     0.072 0.00009704 
2017-12-08 11:52:44    760     0.012     1.807     0.012     1.807     0.001     1.807     0.010     0.007     1.829     0.072 0.00009701 
2017-12-08 11:52:45    770     0.012     1.980     0.012     1.980     0.001     1.980     0.012     0.009     2.047     0.072 0.00009697 
2017-12-08 11:52:46    780     0.012     1.829     0.012     1.829     0.001     1.829     0.010     0.008     1.907     0.072 0.00009693 
2017-12-08 11:52:47    790     0.011     1.910     0.011     1.910     0.001     1.910     0.011     0.008     1.970     0.072 0.00009689 
2017-12-08 11:52:48    800     0.013     2.080     0.013     2.080     0.001     2.080     0.011     0.009     2.106     0.072 0.00009685  Graphing
     0.58,   0.58,   0.55,   0.54,   0.29,   0.59,   0.58,   0.55,   0.55,   0.28
[-0.9375  -0.84375  0.09375 -0.90625  0.5    ] [-0.72842091 -0.74166846  0.12401616 -0.68324983  0.68071789]
Date                  Step    Loss_X    Loss_G    Loss_Z  Loss_PIN     kappa learning_rate
2017-12-08 11:52:50    810     0.012     1.974     0.012     1.974     0.001     1.974     0.012     0.009     2.043     0.072 0.00009681 
2017-12-08 11:52:50    820     0.012     2.020     0.012     2.020     0.001     2.020     0.012     0.009     2.084     0.072 0.00009677 
2017-12-08 11:52:51    830     0.013     1.946     0.013     1.946     0.001     1.946     0.012     0.009     2.001     0.072 0.00009673 
2017-12-08 11:52:52    840     0.013     1.907     0.013     1.907     0.001     1.907     0.011     0.008     1.939     0.072 0.00009670 
2017-12-08 11:52:53    850     0.013     2.207     0.013     2.207     0.001     2.207     0.013     0.010     2.231     0.072 0.00009666 
2017-12-08 11:52:54    860     0.013     1.976     0.013     1.976     0.001     1.976     0.011     0.008     2.042     0.072 0.00009662 
2017-12-08 11:52:55    870     0.012     1.805     0.012     1.805     0.001     1.805     0.011     0.008     1.877     0.072 0.00009658 
2017-12-08 11:52:56    880     0.013     2.041     0.013     2.041     0.001     2.041     0.013     0.010     2.066     0.072 0.00009654 
2017-12-08 11:52:57    890     0.012     1.829     0.012     1.829     0.001     1.829     0.010     0.008     1.901     0.072 0.00009650 
2017-12-08 11:52:58    900     0.012     1.688     0.012     1.688     0.001     1.688     0.009     0.006     1.705     0.072 0.00009646  Graphing
     0.58,   0.58,   0.55,   0.54,   0.29,   0.58,   0.57,   0.54,   0.55,   0.28
[-1.      -0.90625 -0.15625 -1.       0.8125 ] [-0.73663211 -0.74519581  0.04513871 -0.69618493  0.68586797]
Date                  Step    Loss_X    Loss_G    Loss_Z  Loss_PIN     kappa learning_rate
2017-12-08 11:52:59    910     0.012     1.815     0.012     1.815     0.001     1.815     0.010     0.008     1.886     0.072 0.00009643 
2017-12-08 11:53:00    920     0.013     1.864     0.013     1.864     0.001     1.864     0.011     0.008     1.943     0.072 0.00009639 
2017-12-08 11:53:01    930     0.012     1.959     0.012     1.959     0.001     1.959     0.011     0.009     2.030     0.072 0.00009635 
2017-12-08 11:53:02    940     0.012     2.003     0.012     2.003     0.001     2.003     0.012     0.009     2.070     0.072 0.00009631 
2017-12-08 11:53:03    950     0.012     1.914     0.012     1.914     0.001     1.914     0.011     0.008     1.984     0.072 0.00009627 
2017-12-08 11:53:04    960     0.011     1.895     0.011     1.895     0.001     1.895     0.011     0.008     1.977     0.072 0.00009623 
2017-12-08 11:53:05    970     0.012     2.067     0.012     2.067     0.001     2.067     0.013     0.009     2.142     0.072 0.00009619 
2017-12-08 11:53:06    980     0.012     1.911     0.012     1.911     0.001     1.911     0.012     0.009     1.988     0.072 0.00009616 
2017-12-08 11:53:06    990     0.011     1.981     0.011     1.981     0.001     1.981     0.012     0.009     2.013     0.072 0.00009612 
2017-12-08 11:53:07   1000     0.012     1.742     0.012     1.742     0.001     1.742     0.010     0.007     1.780     0.072 0.00009608  Graphing
     0.55,   0.55,   0.55,   0.54,   0.29,   0.55,   0.54,   0.54,   0.54,   0.27
[-1.      -0.90625 -0.25    -0.96875  0.6875 ] [-0.74184036 -0.74790305 -0.01232631 -0.70555192  0.69037706]
Date                  Step    Loss_X    Loss_G    Loss_Z  Loss_PIN     kappa learning_rate
2017-12-08 11:53:09   1010     0.013     1.957     0.013     1.957     0.001     1.957     0.012     0.009     1.978     0.072 0.00009604 
2017-12-08 11:53:10   1020     0.011     1.697     0.011     1.697     0.001     1.697     0.010     0.007     1.737     0.072 0.00009600 
2017-12-08 11:53:11   1030     0.011     1.700     0.011     1.700     0.001     1.700     0.009     0.007     1.778     0.072 0.00009596 
2017-12-08 11:53:12   1040     0.011     1.791     0.011     1.791     0.001     1.791     0.010     0.008     1.861     0.072 0.00009593 
2017-12-08 11:53:13   1050     0.011     1.840     0.011     1.840     0.001     1.840     0.012     0.009     1.925     0.072 0.00009589 
2017-12-08 11:53:14   1060     0.011     1.789     0.011     1.789     0.001     1.789     0.011     0.008     1.865     0.072 0.00009585 
2017-12-08 11:53:14   1070     0.012     1.821     0.012     1.821     0.001     1.821     0.012     0.008     1.864     0.072 0.00009581 
2017-12-08 11:53:15   1080     0.011     1.649     0.011     1.649     0.001     1.649     0.010     0.007     1.740     0.072 0.00009577 
2017-12-08 11:53:16   1090     0.011     1.692     0.011     1.692     0.001     1.692     0.010     0.007     1.731     0.072 0.00009573 
2017-12-08 11:53:17   1100     0.010     1.714     0.010     1.714     0.001     1.714     0.011     0.008     1.799     0.072 0.00009570  Graphing
     0.58,   0.58,   0.55,   0.54,   0.29,   0.57,   0.55,   0.54,   0.54,   0.28
[-0.96875 -0.875   -0.3125  -0.9375   0.78125] [-0.74675477 -0.75066328 -0.0722479  -0.71472323  0.69777757]
Date                  Step    Loss_X    Loss_G    Loss_Z  Loss_PIN     kappa learning_rate
2017-12-08 11:53:19   1110     0.011     1.637     0.011     1.637     0.001     1.637     0.011     0.007     1.721     0.072 0.00009566 
2017-12-08 11:53:20   1120     0.011     1.589     0.011     1.589     0.001     1.589     0.009     0.007     1.678     0.072 0.00009562 
2017-12-08 11:53:21   1130     0.012     1.724     0.012     1.724     0.001     1.724     0.011     0.007     1.816     0.072 0.00009558 
2017-12-08 11:53:22   1140     0.011     1.628     0.011     1.628     0.001     1.628     0.010     0.008     1.713     0.072 0.00009554 
2017-12-08 11:53:23   1150     0.012     1.634     0.012     1.634     0.001     1.634     0.010     0.007     1.726     0.072 0.00009550 
2017-12-08 11:53:23   1160     0.011     1.712     0.011     1.712     0.001     1.712     0.009     0.007     1.694     0.072 0.00009547 
2017-12-08 11:53:24   1170     0.011     1.775     0.011     1.775     0.001     1.775     0.010     0.008     1.819     0.072 0.00009543 
2017-12-08 11:53:25   1180     0.011     1.730     0.011     1.730     0.001     1.730     0.011     0.008     1.821     0.072 0.00009539 
2017-12-08 11:53:26   1190     0.011     1.752     0.011     1.752     0.001     1.752     0.011     0.008     1.848     0.072 0.00009535 
2017-12-08 11:53:27   1200     0.011     1.880     0.011     1.880     0.001     1.880     0.011     0.008     1.965     0.072 0.00009531  Graphing
     0.55,   0.55,   0.55,   0.54,   0.29,   0.56,   0.54,   0.55,   0.55,   0.28
[-0.90625 -0.8125  -0.21875 -0.9375   0.6875 ] [-0.74964052 -0.75228399 -0.12936135 -0.72170025  0.70108634]
Date                  Step    Loss_X    Loss_G    Loss_Z  Loss_PIN     kappa learning_rate
2017-12-08 11:53:29   1210     0.012     1.972     0.012     1.972     0.001     1.972     0.013     0.009     2.064     0.072 0.00009528 
2017-12-08 11:53:30   1220     0.011     1.830     0.011     1.830     0.001     1.830     0.011     0.008     1.874     0.072 0.00009524 
2017-12-08 11:53:31   1230     0.010     1.656     0.010     1.656     0.001     1.656     0.010     0.007     1.755     0.072 0.00009520 
2017-12-08 11:53:32   1240     0.010     1.606     0.010     1.606     0.001     1.606     0.010     0.007     1.703     0.072 0.00009516 
2017-12-08 11:53:32   1250     0.011     1.707     0.011     1.707     0.001     1.707     0.009     0.007     1.767     0.072 0.00009512 
2017-12-08 11:53:33   1260     0.011     1.839     0.011     1.839     0.001     1.839     0.012     0.009     1.930     0.072 0.00009508 
2017-12-08 11:53:34   1270     0.011     1.916     0.011     1.916     0.001     1.916     0.013     0.009     2.005     0.072 0.00009505 
2017-12-08 11:53:35   1280     0.011     1.877     0.011     1.877     0.001     1.877     0.012     0.008     1.974     0.072 0.00009501 
2017-12-08 11:53:36   1290     0.011     1.875     0.011     1.875     0.001     1.875     0.012     0.008     1.968     0.072 0.00009497 
2017-12-08 11:53:37   1300     0.010     1.560     0.010     1.560     0.001     1.560     0.010     0.007     1.654     0.072 0.00009493  Graphing
     0.59,   0.59,   0.55,   0.54,   0.29,   0.59,   0.58,   0.55,   0.55,   0.28
[-0.9375  -0.875   -0.40625 -1.       0.875  ] [-0.75184333 -0.75337744 -0.18815807 -0.72812968  0.70502025]
Date                  Step    Loss_X    Loss_G    Loss_Z  Loss_PIN     kappa learning_rate
2017-12-08 11:53:39   1310     0.011     1.872     0.011     1.872     0.001     1.872     0.012     0.009     1.969     0.072 0.00009489 
2017-12-08 11:53:40   1320     0.010     1.757     0.010     1.757     0.001     1.757     0.012     0.008     1.849     0.072 0.00009486 
2017-12-08 11:53:41   1330     0.011     1.674     0.011     1.674     0.001     1.674     0.011     0.008     1.763     0.072 0.00009482 
2017-12-08 11:53:41   1340     0.010     1.731     0.010     1.731     0.001     1.731     0.011     0.007     1.831     0.072 0.00009478 
2017-12-08 11:53:42   1350     0.011     1.673     0.011     1.673     0.001     1.673     0.011     0.008     1.770     0.072 0.00009474 
2017-12-08 11:53:43   1360     0.011     1.814     0.011     1.814     0.001     1.814     0.012     0.008     1.914     0.072 0.00009471 
2017-12-08 11:53:44   1370     0.010     1.751     0.010     1.751     0.001     1.751     0.011     0.008     1.848     0.072 0.00009467 
2017-12-08 11:53:45   1380     0.010     1.637     0.010     1.637     0.001     1.637     0.011     0.007     1.661     0.072 0.00009463 
2017-12-08 11:53:46   1390     0.010     1.809     0.010     1.809     0.001     1.809     0.012     0.008     1.905     0.072 0.00009459 
2017-12-08 11:53:47   1400     0.010     1.859     0.010     1.859     0.001     1.859     0.012     0.009     1.954     0.072 0.00009455  Graphing
     0.58,   0.58,   0.55,   0.54,   0.29,   0.57,   0.56,   0.54,   0.54,   0.27
[-0.96875 -0.78125 -0.21875 -0.875    0.6875 ] [-0.75339901 -0.75424981 -0.22098687 -0.7327823   0.70967615]
Date                  Step    Loss_X    Loss_G    Loss_Z  Loss_PIN     kappa learning_rate
2017-12-08 11:53:48   1410     0.010     1.657     0.010     1.657     0.001     1.657     0.010     0.007     1.706     0.072 0.00009452 
2017-12-08 11:53:49   1420     0.010     1.629     0.010     1.629     0.001     1.629     0.010     0.007     1.688     0.072 0.00009448 
2017-12-08 11:53:50   1430     0.009     1.562     0.009     1.562     0.001     1.562     0.009     0.007     1.664     0.072 0.00009444 
2017-12-08 11:53:51   1440     0.010     1.424     0.010     1.424     0.001     1.424     0.009     0.007     1.522     0.072 0.00009440 
2017-12-08 11:53:52   1450     0.010     1.601     0.010     1.601     0.001     1.601     0.010     0.007     1.698     0.072 0.00009436 
2017-12-08 11:53:53   1460     0.010     1.684     0.010     1.684     0.001     1.684     0.011     0.008     1.747     0.072 0.00009433 
2017-12-08 11:53:54   1470     0.010     2.046     0.010     2.046     0.001     2.046     0.013     0.008     2.023     0.072 0.00009429 
2017-12-08 11:53:55   1480     0.010     1.894     0.010     1.894     0.001     1.894     0.013     0.009     1.948     0.072 0.00009425 
2017-12-08 11:53:55   1490     0.011     1.835     0.011     1.835     0.001     1.835     0.013     0.009     1.936     0.072 0.00009421 
2017-12-08 11:53:56   1500     0.010     1.796     0.010     1.796     0.001     1.796     0.012     0.008     1.893     0.072 0.00009418  Graphing
     0.56,   0.56,   0.55,   0.54,   0.29,   0.56,   0.55,   0.54,   0.54,   0.28
[-0.9375  -0.90625 -0.125   -0.9375   0.53125] [-0.75449616 -0.75485587 -0.23463173 -0.73646379  0.712071  ]
Date                  Step    Loss_X    Loss_G    Loss_Z  Loss_PIN     kappa learning_rate
2017-12-08 11:53:58   1510     0.010     1.709     0.010     1.709     0.001     1.709     0.012     0.008     1.813     0.072 0.00009414 
2017-12-08 11:53:59   1520     0.010     1.852     0.010     1.852     0.001     1.852     0.013     0.009     1.961     0.072 0.00009410 
2017-12-08 11:54:00   1530     0.008     1.794     0.008     1.794     0.001     1.794     0.012     0.009     1.902     0.072 0.00009406 
2017-12-08 11:54:01   1540     0.010     1.676     0.010     1.676     0.001     1.676     0.012     0.008     1.780     0.072 0.00009403 
2017-12-08 11:54:02   1550     0.010     1.739     0.010     1.739     0.001     1.739     0.012     0.008     1.788     0.072 0.00009399 
2017-12-08 11:54:02   1560     0.010     1.769     0.010     1.769     0.001     1.769     0.012     0.009     1.876     0.072 0.00009395 
2017-12-08 11:54:03   1570     0.011     1.914     0.011     1.914     0.001     1.914     0.013     0.010     2.015     0.072 0.00009391 
2017-12-08 11:54:04   1580     0.009     1.844     0.009     1.844     0.001     1.844     0.013     0.009     1.947     0.072 0.00009388 
2017-12-08 11:54:05   1590     0.011     1.724     0.011     1.724     0.001     1.724     0.012     0.009     1.834     0.072 0.00009384 
2017-12-08 11:54:06   1600     0.010     1.459     0.010     1.459     0.001     1.459     0.009     0.007     1.569     0.072 0.00009380  Graphing
     0.58,   0.58,   0.55,   0.54,   0.29,   0.58,   0.57,   0.54,   0.54,   0.28
[-1.      -0.90625 -0.40625 -0.96875  0.78125] [-0.75550801 -0.75544238 -0.26768947 -0.73984087  0.71466529]
Date                  Step    Loss_X    Loss_G    Loss_Z  Loss_PIN     kappa learning_rate
2017-12-08 11:54:08   1610     0.010     1.776     0.010     1.776     0.001     1.776     0.012     0.008     1.829     0.072 0.00009376 
2017-12-08 11:54:09   1620     0.010     1.601     0.010     1.601     0.001     1.601     0.011     0.008     1.710     0.072 0.00009373 
2017-12-08 11:54:10   1630     0.010     1.852     0.010     1.852     0.001     1.852     0.013     0.009     1.961     0.072 0.00009369 
2017-12-08 11:54:11   1640     0.010     1.462     0.010     1.462     0.001     1.462     0.010     0.007     1.565     0.072 0.00009365 
2017-12-08 11:54:11   1650     0.011     1.655     0.011     1.655     0.001     1.655     0.011     0.008     1.766     0.072 0.00009361 
2017-12-08 11:54:12   1660     0.010     1.660     0.010     1.660     0.001     1.660     0.010     0.007     1.611     0.072 0.00009358 
2017-12-08 11:54:13   1670     0.009     1.629     0.009     1.629     0.001     1.629     0.012     0.008     1.736     0.072 0.00009354 
2017-12-08 11:54:14   1680     0.010     1.629     0.010     1.629     0.001     1.629     0.011     0.008     1.744     0.072 0.00009350 
2017-12-08 11:54:15   1690     0.010     1.858     0.010     1.858     0.001     1.858     0.013     0.009     1.878     0.072 0.00009346 
2017-12-08 11:54:16   1700     0.009     1.623     0.009     1.623     0.001     1.623     0.011     0.008     1.690     0.072 0.00009343  Graphing
     0.57,   0.57,   0.55,   0.54,   0.29,   0.57,   0.56,   0.54,   0.54,   0.27
[-0.90625 -0.96875 -0.25    -0.9375   0.65625] [-0.75625294 -0.75603348 -0.25098562 -0.74224865  0.71772116]
Date                  Step    Loss_X    Loss_G    Loss_Z  Loss_PIN     kappa learning_rate
2017-12-08 11:54:18   1710     0.010     1.800     0.010     1.800     0.001     1.800     0.013     0.009     1.911     0.072 0.00009339 
2017-12-08 11:54:19   1720     0.009     1.682     0.009     1.682     0.001     1.682     0.013     0.009     1.788     0.072 0.00009335 
2017-12-08 11:54:20   1730     0.010     1.660     0.010     1.660     0.001     1.660     0.011     0.008     1.774     0.072 0.00009331 
2017-12-08 11:54:20   1740     0.010     1.808     0.010     1.808     0.001     1.808     0.013     0.010     1.910     0.072 0.00009328 
2017-12-08 11:54:21   1750     0.010     1.812     0.010     1.812     0.001     1.812     0.014     0.010     1.917     0.072 0.00009324 
2017-12-08 11:54:22   1760     0.010     1.559     0.010     1.559     0.001     1.559     0.011     0.008     1.674     0.072 0.00009320 
2017-12-08 11:54:23   1770     0.010     1.938     0.010     1.938     0.001     1.938     0.013     0.010     2.037     0.072 0.00009316 
2017-12-08 11:54:24   1780     0.009     1.498     0.009     1.498     0.001     1.498     0.010     0.007     1.610     0.072 0.00009313 
2017-12-08 11:54:25   1790     0.011     1.805     0.011     1.805     0.001     1.805     0.013     0.009     1.908     0.072 0.00009309 
2017-12-08 11:54:26   1800     0.010     1.714     0.010     1.714     0.001     1.714     0.011     0.008     1.773     0.072 0.00009305  Graphing
     0.58,   0.58,   0.55,   0.54,   0.29,   0.58,   0.57,   0.54,   0.54,   0.28
[-0.90625 -0.9375  -0.15625 -0.9375   0.59375] [-0.75686067 -0.75628793 -0.2844817  -0.74487787  0.71859139]
Date                  Step    Loss_X    Loss_G    Loss_Z  Loss_PIN     kappa learning_rate
2017-12-08 11:54:28   1810     0.009     1.980     0.009     1.980     0.001     1.980     0.014     0.010     2.014     0.072 0.00009302 
2017-12-08 11:54:29   1820     0.011     1.653     0.011     1.653     0.001     1.653     0.012     0.009     1.754     0.072 0.00009298 
2017-12-08 11:54:29   1830     0.011     1.538     0.011     1.538     0.001     1.538     0.011     0.008     1.650     0.072 0.00009294 
2017-12-08 11:54:30   1840     0.009     1.627     0.009     1.627     0.001     1.627     0.011     0.008     1.699     0.072 0.00009290 
2017-12-08 11:54:31   1850     0.008     1.952     0.008     1.952     0.001     1.952     0.015     0.011     2.057     0.072 0.00009287 
2017-12-08 11:54:32   1860     0.010     1.614     0.010     1.614     0.001     1.614     0.011     0.008     1.719     0.072 0.00009283 
2017-12-08 11:54:33   1870     0.009     1.697     0.009     1.697     0.001     1.697     0.011     0.009     1.771     0.072 0.00009279 
2017-12-08 11:54:34   1880     0.010     1.692     0.010     1.692     0.001     1.692     0.012     0.009     1.809     0.072 0.00009276 
2017-12-08 11:54:35   1890     0.010     1.678     0.010     1.678     0.001     1.678     0.012     0.008     1.790     0.072 0.00009272 
2017-12-08 11:54:36   1900     0.010     1.468     0.010     1.468     0.001     1.468     0.009     0.007     1.520     0.072 0.00009268  Graphing
     0.54,   0.54,   0.55,   0.54,   0.29,   0.57,   0.56,   0.56,   0.56,   0.29
[-1.      -0.90625 -0.15625 -0.9375   0.78125] [-0.75737989 -0.75673252 -0.25669611 -0.74655026  0.72040838]
Date                  Step    Loss_X    Loss_G    Loss_Z  Loss_PIN     kappa learning_rate
2017-12-08 11:54:38   1910     0.010     1.584     0.010     1.584     0.001     1.584     0.011     0.008     1.645     0.072 0.00009264 
2017-12-08 11:54:39   1920     0.010     1.706     0.010     1.706     0.001     1.706     0.012     0.009     1.822     0.072 0.00009261 
2017-12-08 11:54:39   1930     0.009     1.326     0.009     1.326     0.001     1.326     0.009     0.007     1.445     0.072 0.00009257 
2017-12-08 11:54:40   1940     0.010     1.594     0.010     1.594     0.001     1.594     0.011     0.008     1.712     0.072 0.00009253 
2017-12-08 11:54:41   1950     0.009     1.633     0.009     1.633     0.001     1.633     0.012     0.009     1.752     0.072 0.00009250 
2017-12-08 11:54:42   1960     0.009     1.647     0.009     1.647     0.001     1.647     0.011     0.008     1.674     0.072 0.00009246 
2017-12-08 11:54:43   1970     0.010     1.716     0.010     1.716     0.001     1.716     0.013     0.009     1.781     0.072 0.00009242 
2017-12-08 11:54:44   1980     0.009     1.518     0.009     1.518     0.001     1.518     0.011     0.008     1.621     0.072 0.00009239 
2017-12-08 11:54:45   1990     0.010     1.563     0.010     1.563     0.001     1.563     0.010     0.008     1.675     0.072 0.00009235 
2017-12-08 11:54:46   2000     0.010     1.797     0.010     1.797     0.001     1.797     0.012     0.009     1.906     0.072 0.00009231  Graphing
     0.57,   0.57,   0.55,   0.54,   0.29,   0.59,   0.58,   0.55,   0.56,   0.29
[-0.96875 -0.8125  -0.1875  -0.84375  0.6875 ] [-0.75779206 -0.7568832  -0.29135627 -0.7483384   0.7212804 ]
Date                  Step    Loss_X    Loss_G    Loss_Z  Loss_PIN     kappa learning_rate
2017-12-08 11:54:47   2010     0.010     1.738     0.010     1.738     0.001     1.738     0.013     0.009     1.843     0.072 0.00009227 
2017-12-08 11:54:48   2020     0.009     1.558     0.009     1.558     0.001     1.558     0.011     0.008     1.661     0.072 0.00009224 
2017-12-08 11:54:49   2030     0.009     1.904     0.009     1.904     0.001     1.904     0.014     0.010     1.965     0.072 0.00009220 
2017-12-08 11:54:50   2040     0.009     1.709     0.009     1.709     0.001     1.709     0.012     0.008     1.731     0.072 0.00009216 
2017-12-08 11:54:51   2050     0.009     1.606     0.009     1.606     0.001     1.606     0.011     0.008     1.712     0.072 0.00009213 
2017-12-08 11:54:52   2060     0.010     1.870     0.010     1.870     0.001     1.870     0.014     0.010     1.982     0.072 0.00009209 
2017-12-08 11:54:53   2070     0.009     1.770     0.009     1.770     0.001     1.770     0.014     0.010     1.875     0.072 0.00009205 
2017-12-08 11:54:54   2080     0.010     1.678     0.010     1.678     0.001     1.678     0.011     0.009     1.724     0.072 0.00009202 
2017-12-08 11:54:54   2090     0.010     1.479     0.010     1.479     0.001     1.479     0.010     0.008     1.590     0.072 0.00009198 
2017-12-08 11:54:55   2100     0.010     1.999     0.010     1.999     0.001     1.999     0.015     0.011     2.101     0.072 0.00009194  Graphing
     0.57,   0.57,   0.55,   0.54,   0.29,   0.59,   0.58,   0.56,   0.57,   0.29
[-0.875   -0.84375 -0.03125 -0.84375  0.5625 ] [-0.75807619 -0.75691861 -0.29410341 -0.74966687  0.72231179]
Date                  Step    Loss_X    Loss_G    Loss_Z  Loss_PIN     kappa learning_rate
2017-12-08 11:54:57   2110     0.009     1.486     0.009     1.486     0.001     1.486     0.009     0.007     1.531     0.072 0.00009191 
2017-12-08 11:54:58   2120     0.010     1.538     0.010     1.538     0.001     1.538     0.011     0.008     1.658     0.072 0.00009187 
2017-12-08 11:54:59   2130     0.010     1.737     0.010     1.737     0.001     1.737     0.013     0.010     1.857     0.072 0.00009183 
2017-12-08 11:55:00   2140     0.009     1.606     0.009     1.606     0.001     1.606     0.011     0.008     1.714     0.072 0.00009180 
2017-12-08 11:55:01   2150     0.010     1.867     0.010     1.867     0.001     1.867     0.014     0.010     1.974     0.072 0.00009176 
2017-12-08 11:55:02   2160     0.009     1.766     0.009     1.766     0.001     1.766     0.012     0.009     1.790     0.072 0.00009172 
2017-12-08 11:55:02   2170     0.010     1.758     0.010     1.758     0.001     1.758     0.013     0.010     1.860     0.072 0.00009169 
2017-12-08 11:55:03   2180     0.010     1.712     0.010     1.712     0.001     1.712     0.012     0.009     1.822     0.072 0.00009165 
2017-12-08 11:55:04   2190     0.010     1.844     0.010     1.844     0.001     1.844     0.013     0.010     1.959     0.072 0.00009161 
2017-12-08 11:55:05   2200     0.008     1.221     0.008     1.221     0.001     1.221     0.008     0.006     1.336     0.072 0.00009158  Graphing
     0.57,   0.57,   0.55,   0.54,   0.29,   0.57,   0.56,   0.55,   0.55,   0.29
[-1.     -0.9375 -0.4375 -1.      0.875 ] [-0.75836527 -0.75704014 -0.30333439 -0.75092328  0.72336   ]
Date                  Step    Loss_X    Loss_G    Loss_Z  Loss_PIN     kappa learning_rate
2017-12-08 11:55:07   2210     0.009     1.418     0.009     1.418     0.001     1.418     0.009     0.008     1.530     0.072 0.00009154 
2017-12-08 11:55:08   2220     0.010     1.733     0.010     1.733     0.001     1.733     0.013     0.010     1.840     0.072 0.00009150 
2017-12-08 11:55:09   2230     0.009     1.629     0.009     1.629     0.001     1.629     0.011     0.008     1.733     0.072 0.00009147 
2017-12-08 11:55:10   2240     0.009     1.607     0.009     1.607     0.001     1.607     0.011     0.009     1.669     0.072 0.00009143 
2017-12-08 11:55:10   2250     0.009     1.673     0.009     1.673     0.001     1.673     0.012     0.009     1.685     0.072 0.00009139 
2017-12-08 11:55:11   2260     0.009     1.454     0.009     1.454     0.001     1.454     0.010     0.008     1.520     0.072 0.00009136 
2017-12-08 11:55:12   2270     0.009     1.451     0.009     1.451     0.001     1.451     0.010     0.008     1.561     0.072 0.00009132 
2017-12-08 11:55:13   2280     0.011     1.499     0.011     1.499     0.001     1.499     0.010     0.008     1.610     0.072 0.00009128 
2017-12-08 11:55:14   2290     0.009     1.515     0.009     1.515     0.001     1.515     0.011     0.008     1.614     0.072 0.00009125 
2017-12-08 11:55:15   2300     0.008     1.490     0.008     1.490     0.001     1.490     0.011     0.008     1.592     0.072 0.00009121  Graphing
     0.56,   0.56,   0.55,   0.54,   0.29,   0.56,   0.56,   0.55,   0.55,   0.29
[-1.      -0.84375 -0.1875  -0.96875  0.75   ] [-0.75854075 -0.75695157 -0.31682187 -0.75199121  0.72451973]
Date                  Step    Loss_X    Loss_G    Loss_Z  Loss_PIN     kappa learning_rate
2017-12-08 11:55:17   2310     0.009     1.973     0.009     1.973     0.001     1.973     0.015     0.011     2.090     0.072 0.00009117 
2017-12-08 11:55:18   2320     0.009     1.672     0.009     1.672     0.001     1.672     0.012     0.009     1.777     0.072 0.00009114 
2017-12-08 11:55:19   2330     0.009     1.620     0.009     1.620     0.001     1.620     0.012     0.009     1.725     0.072 0.00009110 
2017-12-08 11:55:19   2340     0.009     1.673     0.009     1.673     0.001     1.673     0.012     0.009     1.782     0.072 0.00009106 
2017-12-08 11:55:20   2350     0.009     1.473     0.009     1.473     0.001     1.473     0.010     0.008     1.585     0.072 0.00009103 
2017-12-08 11:55:21   2360     0.009     1.743     0.009     1.743     0.001     1.743     0.013     0.010     1.799     0.072 0.00009099 
2017-12-08 11:55:22   2370     0.010     1.652     0.010     1.652     0.001     1.652     0.012     0.009     1.756     0.072 0.00009096 
2017-12-08 11:55:23   2380     0.009     1.637     0.009     1.637     0.000     1.637     0.012     0.009     1.747     0.072 0.00009092 
2017-12-08 11:55:24   2390     0.009     1.549     0.009     1.549     0.001     1.549     0.010     0.008     1.647     0.072 0.00009088 
2017-12-08 11:55:25   2400     0.009     1.610     0.009     1.610     0.001     1.610     0.011     0.008     1.639     0.072 0.00009085  Graphing
     0.56,   0.56,   0.55,   0.54,   0.29,   0.56,   0.55,   0.55,   0.55,   0.29
[-1.      -0.90625 -0.3125  -0.875    0.625  ] [-0.75874966 -0.75732887 -0.25371948 -0.75241452  0.72597432]
Date                  Step    Loss_X    Loss_G    Loss_Z  Loss_PIN     kappa learning_rate
2017-12-08 11:55:26   2410     0.010     1.372     0.010     1.372     0.001     1.372     0.010     0.008     1.485     0.072 0.00009081 
2017-12-08 11:55:27   2420     0.009     1.583     0.009     1.583     0.000     1.583     0.011     0.008     1.692     0.072 0.00009077 
2017-12-08 11:55:28   2430     0.009     1.569     0.009     1.569     0.001     1.569     0.010     0.008     1.610     0.072 0.00009074 
2017-12-08 11:55:29   2440     0.009     1.464     0.009     1.464     0.001     1.464     0.010     0.007     1.525     0.072 0.00009070 
2017-12-08 11:55:30   2450     0.009     2.122     0.009     2.122     0.001     2.122     0.015     0.011     2.141     0.072 0.00009066 
2017-12-08 11:55:31   2460     0.009     1.823     0.009     1.823     0.001     1.823     0.013     0.010     1.940     0.072 0.00009063 
2017-12-08 11:55:32   2470     0.009     1.876     0.009     1.876     0.001     1.876     0.013     0.010     1.941     0.072 0.00009059 
2017-12-08 11:55:33   2480     0.008     1.606     0.008     1.606     0.000     1.606     0.012     0.008     1.712     0.072 0.00009056 
2017-12-08 11:55:34   2490     0.009     1.417     0.009     1.417     0.001     1.417     0.009     0.007     1.525     0.072 0.00009052 
2017-12-08 11:55:35   2500     0.009     1.869     0.009     1.869     0.001     1.869     0.014     0.011     1.976     0.072 0.00009048  Graphing
     0.55,   0.55,   0.55,   0.54,   0.29,   0.56,   0.55,   0.55,   0.55,   0.29
[-0.9375  -0.8125   0.03125 -0.875    0.625  ] [-0.75894636 -0.75746995 -0.25675943 -0.75315267  0.72548234]
Date                  Step    Loss_X    Loss_G    Loss_Z  Loss_PIN     kappa learning_rate
2017-12-08 11:55:37   2510     0.009     1.359     0.009     1.359     0.000     1.359     0.009     0.007     1.467     0.072 0.00009045 
2017-12-08 11:55:37   2520     0.009     1.514     0.009     1.514     0.000     1.514     0.010     0.008     1.630     0.072 0.00009041 
2017-12-08 11:55:38   2530     0.008     1.630     0.008     1.630     0.000     1.630     0.012     0.009     1.735     0.072 0.00009038 
2017-12-08 11:55:39   2540     0.010     1.652     0.010     1.652     0.001     1.652     0.012     0.009     1.747     0.072 0.00009034 
2017-12-08 11:55:40   2550     0.009     1.996     0.009     1.996     0.001     1.996     0.014     0.010     2.082     0.072 0.00009030 
2017-12-08 11:55:41   2560     0.008     1.261     0.008     1.261     0.000     1.261     0.008     0.006     1.362     0.072 0.00009027 
2017-12-08 11:55:42   2570     0.009     1.719     0.009     1.719     0.000     1.719     0.012     0.009     1.830     0.072 0.00009023 
2017-12-08 11:55:43   2580     0.009     1.850     0.009     1.850     0.000     1.850     0.012     0.009     1.953     0.072 0.00009019 
2017-12-08 11:55:44   2590     0.009     1.746     0.009     1.746     0.000     1.746     0.013     0.009     1.853     0.072 0.00009016 
2017-12-08 11:55:45   2600     0.010     1.659     0.010     1.659     0.001     1.659     0.012     0.009     1.757     0.072 0.00009012  Graphing
     0.56,   0.56,   0.55,   0.54,   0.29,   0.57,   0.57,   0.55,   0.56,   0.30
[-1.      -0.90625  0.125   -0.90625  0.5625 ] [-0.75907052 -0.75736201 -0.28457624 -0.75389189  0.72473884]
Date                  Step    Loss_X    Loss_G    Loss_Z  Loss_PIN     kappa learning_rate
2017-12-08 11:55:46   2610     0.009     1.655     0.009     1.655     0.001     1.655     0.012     0.009     1.757     0.072 0.00009009 
2017-12-08 11:55:47   2620     0.010     1.326     0.010     1.326     0.001     1.326     0.009     0.007     1.431     0.072 0.00009005 
2017-12-08 11:55:48   2630     0.009     1.716     0.009     1.716     0.001     1.716     0.012     0.009     1.816     0.072 0.00009001 
2017-12-08 11:55:49   2640     0.009     1.754     0.009     1.754     0.001     1.754     0.012     0.009     1.763     0.072 0.00008998 
2017-12-08 11:55:50   2650     0.009     1.712     0.009     1.712     0.001     1.712     0.011     0.008     1.807     0.072 0.00008994 
2017-12-08 11:55:51   2660     0.009     1.708     0.009     1.708     0.001     1.708     0.012     0.009     1.807     0.072 0.00008991 
2017-12-08 11:55:52   2670     0.009     1.454     0.009     1.454     0.000     1.454     0.010     0.008     1.548     0.072 0.00008987 
2017-12-08 11:55:53   2680     0.009     1.901     0.009     1.901     0.000     1.901     0.012     0.009     1.992     0.072 0.00008983 
2017-12-08 11:55:53   2690     0.009     1.486     0.009     1.486     0.000     1.486     0.009     0.007     1.515     0.072 0.00008980 
2017-12-08 11:55:54   2700     0.009     1.473     0.009     1.473     0.000     1.473     0.010     0.008     1.564     0.072 0.00008976  Graphing
     0.57,   0.57,   0.55,   0.54,   0.29,   0.56,   0.56,   0.54,   0.54,   0.28
[-1.      -0.84375 -0.125   -0.9375   0.8125 ] [-0.75911933 -0.75761247 -0.21742193 -0.75401944  0.72605819]
Date                  Step    Loss_X    Loss_G    Loss_Z  Loss_PIN     kappa learning_rate
2017-12-08 11:55:56   2710     0.009     1.561     0.009     1.561     0.001     1.561     0.009     0.007     1.607     0.072 0.00008973 
2017-12-08 11:55:57   2720     0.009     1.495     0.009     1.495     0.000     1.495     0.009     0.007     1.496     0.072 0.00008969 
2017-12-08 11:55:58   2730     0.008     1.456     0.008     1.456     0.000     1.456     0.010     0.007     1.545     0.072 0.00008966 
2017-12-08 11:55:59   2740     0.009     1.552     0.009     1.552     0.000     1.552     0.010     0.007     1.612     0.072 0.00008962 
2017-12-08 11:56:00   2750     0.009     1.587     0.009     1.587     0.000     1.587     0.011     0.008     1.664     0.072 0.00008958 
2017-12-08 11:56:01   2760     0.009     1.691     0.009     1.691     0.000     1.691     0.010     0.008     1.765     0.072 0.00008955 
2017-12-08 11:56:01   2770     0.008     1.755     0.008     1.755     0.000     1.755     0.012     0.009     1.845     0.072 0.00008951 
2017-12-08 11:56:02   2780     0.009     1.481     0.009     1.481     0.000     1.481     0.009     0.007     1.580     0.072 0.00008948 
2017-12-08 11:56:03   2790     0.008     1.628     0.008     1.628     0.000     1.628     0.009     0.007     1.719     0.072 0.00008944 
2017-12-08 11:56:04   2800     0.008     1.252     0.008     1.252     0.000     1.252     0.008     0.006     1.337     0.072 0.00008940  Graphing
     0.56,   0.56,   0.55,   0.54,   0.29,   0.56,   0.55,   0.54,   0.54,   0.28
[-1.      -1.      -0.09375 -0.96875  0.75   ] [-0.75909597 -0.75771517 -0.15991382 -0.754188    0.725914  ]
Date                  Step    Loss_X    Loss_G    Loss_Z  Loss_PIN     kappa learning_rate
2017-12-08 11:56:06   2810     0.009     1.956     0.009     1.956     0.000     1.956     0.014     0.010     2.047     0.072 0.00008937 
2017-12-08 11:56:07   2820     0.009     1.662     0.009     1.662     0.001     1.662     0.010     0.007     1.606     0.072 0.00008933 
2017-12-08 11:56:08   2830     0.008     1.389     0.008     1.389     0.000     1.389     0.008     0.006     1.474     0.072 0.00008930 
2017-12-08 11:56:09   2840     0.009     1.899     0.009     1.899     0.000     1.899     0.012     0.009     1.896     0.072 0.00008926 
2017-12-08 11:56:10   2850     0.009     1.421     0.009     1.421     0.001     1.421     0.008     0.006     1.459     0.072 0.00008923 
2017-12-08 11:56:10   2860     0.009     1.397     0.009     1.397     0.000     1.397     0.009     0.007     1.466     0.072 0.00008919 
2017-12-08 11:56:11   2870     0.009     1.536     0.009     1.536     0.000     1.536     0.010     0.007     1.606     0.072 0.00008915 
2017-12-08 11:56:12   2880     0.009     1.740     0.009     1.740     0.000     1.740     0.011     0.008     1.809     0.072 0.00008912 
2017-12-08 11:56:13   2890     0.009     1.875     0.009     1.875     0.000     1.875     0.014     0.010     1.940     0.072 0.00008908 
2017-12-08 11:56:14   2900     0.009     1.666     0.009     1.666     0.000     1.666     0.011     0.008     1.759     0.072 0.00008905  Graphing
     0.57,   0.57,   0.55,   0.54,   0.29,   0.56,   0.55,   0.54,   0.54,   0.28
[-0.96875 -0.8125  -0.25    -0.90625  0.625  ] [-0.7591548  -0.75723624 -0.26179475 -0.75500327  0.72350252]
Date                  Step    Loss_X    Loss_G    Loss_Z  Loss_PIN     kappa learning_rate
2017-12-08 11:56:16   2910     0.009     1.387     0.009     1.387     0.001     1.387     0.008     0.006     1.420     0.072 0.00008901 
2017-12-08 11:56:17   2920     0.008     1.746     0.008     1.746     0.000     1.746     0.012     0.008     1.806     0.072 0.00008898 
2017-12-08 11:56:18   2930     0.008     1.662     0.008     1.662     0.001     1.662     0.011     0.008     1.735     0.072 0.00008894 
2017-12-08 11:56:19   2940     0.009     1.321     0.009     1.321     0.001     1.321     0.008     0.006     1.408     0.072 0.00008891 
2017-12-08 11:56:19   2950     0.009     1.616     0.009     1.616     0.000     1.616     0.010     0.008     1.687     0.072 0.00008887 
2017-12-08 11:56:20   2960     0.009     1.722     0.009     1.722     0.001     1.722     0.011     0.007     1.804     0.072 0.00008883 
2017-12-08 11:56:21   2970     0.009     1.632     0.009     1.632     0.000     1.632     0.010     0.007     1.620     0.072 0.00008880 
2017-12-08 11:56:22   2980     0.009     1.840     0.009     1.840     0.000     1.840     0.012     0.009     1.901     0.072 0.00008876 
2017-12-08 11:56:23   2990     0.009     1.880     0.009     1.880     0.000     1.880     0.012     0.009     1.862     0.072 0.00008873 
2017-12-08 11:56:24   3000     0.009     1.539     0.009     1.539     0.000     1.539     0.009     0.007     1.589     0.072 0.00008869  Graphing
     0.54,   0.54,   0.55,   0.54,   0.29,   0.53,   0.53,   0.54,   0.54,   0.28
[-0.96875 -0.875   -0.125   -0.96875  0.59375] [-0.75907546 -0.75721955 -0.23626678 -0.75511181  0.72188962]
Date                  Step    Loss_X    Loss_G    Loss_Z  Loss_PIN     kappa learning_rate
2017-12-08 11:56:26   3010     0.009     1.528     0.009     1.528     0.000     1.528     0.009     0.006     1.511     0.072 0.00008866 
2017-12-08 11:56:27   3020     0.008     1.694     0.008     1.694     0.000     1.694     0.011     0.008     1.770     0.072 0.00008862 
2017-12-08 11:56:27   3030     0.008     1.417     0.008     1.417     0.000     1.417     0.008     0.006     1.433     0.072 0.00008859 
2017-12-08 11:56:28   3040     0.009     1.548     0.009     1.548     0.000     1.548     0.009     0.007     1.647     0.072 0.00008855 
2017-12-08 11:56:29   3050     0.009     1.598     0.009     1.598     0.000     1.598     0.010     0.007     1.684     0.072 0.00008851 
2017-12-08 11:56:30   3060     0.008     1.451     0.008     1.451     0.000     1.451     0.009     0.007     1.526     0.072 0.00008848 
2017-12-08 11:56:31   3070     0.009     2.006     0.009     2.006     0.000     2.006     0.013     0.009     2.054     0.072 0.00008844 
2017-12-08 11:56:32   3080     0.008     1.930     0.008     1.930     0.000     1.930     0.012     0.008     1.987     0.072 0.00008841 
2017-12-08 11:56:33   3090     0.008     1.444     0.008     1.444     0.000     1.444     0.009     0.007     1.500     0.072 0.00008837 
2017-12-08 11:56:34   3100     0.009     1.564     0.009     1.564     0.000     1.564     0.010     0.007     1.611     0.072 0.00008834  Graphing
     0.55,   0.55,   0.55,   0.54,   0.29,   0.54,   0.53,   0.53,   0.53,   0.27
[-0.96875 -0.875   -0.0625  -0.9375   0.65625] [-0.75884998 -0.7570498  -0.1904089  -0.75509363  0.7202884 ]
Date                  Step    Loss_X    Loss_G    Loss_Z  Loss_PIN     kappa learning_rate
2017-12-08 11:56:35   3110     0.009     1.663     0.009     1.663     0.000     1.663     0.010     0.007     1.621     0.072 0.00008830 
2017-12-08 11:56:36   3120     0.009     2.162     0.009     2.162     0.001     2.162     0.014     0.010     2.193     0.072 0.00008827 
2017-12-08 11:56:37   3130     0.009     1.531     0.009     1.531     0.000     1.531     0.009     0.006     1.576     0.072 0.00008823 
2017-12-08 11:56:38   3140     0.008     1.643     0.008     1.643     0.000     1.643     0.010     0.007     1.686     0.072 0.00008820 
2017-12-08 11:56:39   3150     0.008     1.437     0.008     1.437     0.000     1.437     0.008     0.006     1.487     0.072 0.00008816 
2017-12-08 11:56:40   3160     0.009     1.594     0.009     1.594     0.000     1.594     0.010     0.007     1.602     0.072 0.00008813 
2017-12-08 11:56:41   3170     0.009     1.806     0.009     1.806     0.000     1.806     0.012     0.008     1.863     0.072 0.00008809 
2017-12-08 11:56:42   3180     0.008     1.582     0.008     1.582     0.000     1.582     0.009     0.006     1.582     0.072 0.00008806 
2017-12-08 11:56:42   3190     0.008     1.692     0.008     1.692     0.000     1.692     0.011     0.007     1.691     0.072 0.00008802 
2017-12-08 11:56:43   3200     0.009     1.640     0.009     1.640     0.000     1.640     0.009     0.007     1.600     0.072 0.00008799  Graphing
     0.59,   0.59,   0.55,   0.54,   0.29,   0.59,   0.58,   0.55,   0.55,   0.29
[-0.96875 -0.875    0.125   -0.875    0.5625 ] [-0.75818741 -0.75701529 -0.08152946 -0.75417906  0.71498054]
Date                  Step    Loss_X    Loss_G    Loss_Z  Loss_PIN     kappa learning_rate
2017-12-08 11:56:45   3210     0.009     1.553     0.009     1.553     0.000     1.553     0.010     0.007     1.607     0.072 0.00008795 
2017-12-08 11:56:46   3220     0.009     1.548     0.009     1.548     0.000     1.548     0.009     0.007     1.579     0.072 0.00008791 
2017-12-08 11:56:47   3230     0.009     1.294     0.009     1.294     0.000     1.294     0.007     0.005     1.320     0.072 0.00008788 
2017-12-08 11:56:48   3240     0.008     1.938     0.008     1.938     0.000     1.938     0.012     0.008     1.946     0.072 0.00008784 
2017-12-08 11:56:49   3250     0.008     1.531     0.008     1.531     0.000     1.531     0.009     0.006     1.567     0.072 0.00008781 
2017-12-08 11:56:50   3260     0.009     1.883     0.009     1.883     0.000     1.883     0.011     0.008     1.828     0.072 0.00008777 
2017-12-08 11:56:50   3270     0.008     1.589     0.008     1.589     0.000     1.589     0.010     0.007     1.644     0.072 0.00008774 
2017-12-08 11:56:51   3280     0.010     1.654     0.010     1.654     0.000     1.654     0.010     0.007     1.669     0.072 0.00008770 
2017-12-08 11:56:52   3290     0.009     1.275     0.009     1.275     0.000     1.275     0.006     0.005     1.290     0.072 0.00008767 
2017-12-08 11:56:53   3300     0.009     1.379     0.009     1.379     0.000     1.379     0.007     0.005     1.404     0.072 0.00008763  Graphing
     0.57,   0.57,   0.55,   0.54,   0.29,   0.57,   0.57,   0.55,   0.55,   0.28
[-1.      -0.96875 -0.21875 -0.9375   0.625  ] [-0.75859475 -0.75682217 -0.1963957  -0.75539559  0.71614468]
Date                  Step    Loss_X    Loss_G    Loss_Z  Loss_PIN     kappa learning_rate
2017-12-08 11:56:55   3310     0.009     1.668     0.009     1.668     0.000     1.668     0.011     0.007     1.678     0.072 0.00008760 
2017-12-08 11:56:56   3320     0.009     1.898     0.009     1.898     0.000     1.898     0.012     0.008     1.852     0.072 0.00008756 
2017-12-08 11:56:57   3330     0.008     1.658     0.008     1.658     0.000     1.658     0.010     0.007     1.692     0.072 0.00008753 
2017-12-08 11:56:58   3340     0.010     1.673     0.010     1.673     0.000     1.673     0.010     0.006     1.641     0.072 0.00008749 
2017-12-08 11:56:59   3350     0.008     1.521     0.008     1.521     0.000     1.521     0.008     0.006     1.534     0.072 0.00008746 
2017-12-08 11:57:00   3360     0.008     1.704     0.008     1.704     0.000     1.704     0.011     0.007     1.699     0.072 0.00008742 
2017-12-08 11:57:01   3370     0.009     1.591     0.009     1.591     0.000     1.591     0.010     0.007     1.617     0.072 0.00008739 
2017-12-08 11:57:01   3380     0.008     1.628     0.008     1.628     0.000     1.628     0.010     0.007     1.561     0.072 0.00008735 
2017-12-08 11:57:02   3390     0.008     1.645     0.008     1.645     0.000     1.645     0.010     0.007     1.611     0.072 0.00008732 
2017-12-08 11:57:03   3400     0.008     1.441     0.008     1.441     0.000     1.441     0.007     0.005     1.388     0.072 0.00008728  Graphing
     0.58,   0.58,   0.55,   0.54,   0.29,   0.58,   0.58,   0.55,   0.55,   0.29
[-0.96875 -0.875   -0.28125 -0.9375   0.78125] [-0.75861084 -0.75672472 -0.20286795 -0.75558037  0.71848589]
Date                  Step    Loss_X    Loss_G    Loss_Z  Loss_PIN     kappa learning_rate
2017-12-08 11:57:05   3410     0.008     1.799     0.008     1.799     0.000     1.799     0.011     0.007     1.733     0.072 0.00008725 
2017-12-08 11:57:06   3420     0.009     1.722     0.009     1.722     0.000     1.722     0.010     0.007     1.733     0.072 0.00008721 
2017-12-08 11:57:07   3430     0.009     1.648     0.009     1.648     0.000     1.648     0.010     0.007     1.555     0.072 0.00008718 
2017-12-08 11:57:08   3440     0.009     1.647     0.009     1.647     0.000     1.647     0.011     0.007     1.636     0.072 0.00008714 
2017-12-08 11:57:09   3450     0.008     1.727     0.008     1.727     0.000     1.727     0.012     0.008     1.725     0.072 0.00008711 
2017-12-08 11:57:10   3460     0.008     1.422     0.008     1.422     0.000     1.422     0.007     0.005     1.396     0.072 0.00008708 
2017-12-08 11:57:11   3470     0.009     1.733     0.009     1.733     0.000     1.733     0.011     0.007     1.697     0.072 0.00008704 
2017-12-08 11:57:11   3480     0.008     1.611     0.008     1.611     0.000     1.611     0.010     0.007     1.567     0.072 0.00008701 
2017-12-08 11:57:12   3490     0.009     1.596     0.009     1.596     0.001     1.596     0.010     0.006     1.577     0.072 0.00008697 
2017-12-08 11:57:13   3500     0.009     1.659     0.009     1.659     0.000     1.659     0.010     0.007     1.626     0.072 0.00008694  Graphing
     0.54,   0.54,   0.55,   0.54,   0.29,   0.53,   0.53,   0.54,   0.54,   0.28
[-0.96875 -0.8125  -0.1875  -0.84375  0.625  ] [-0.75766969 -0.75595069 -0.20333187 -0.75503069  0.71525383]
Date                  Step    Loss_X    Loss_G    Loss_Z  Loss_PIN     kappa learning_rate
2017-12-08 11:57:15   3510     0.008     1.245     0.008     1.245     0.000     1.245     0.006     0.004     1.277     0.072 0.00008690 
2017-12-08 11:57:16   3520     0.009     1.469     0.009     1.469     0.000     1.469     0.008     0.006     1.451     0.072 0.00008687 
2017-12-08 11:57:17   3530     0.009     1.593     0.009     1.593     0.000     1.593     0.010     0.006     1.598     0.072 0.00008683 
2017-12-08 11:57:18   3540     0.008     1.268     0.008     1.268     0.000     1.268     0.007     0.005     1.293     0.072 0.00008680 
2017-12-08 11:57:19   3550     0.008     1.253     0.008     1.253     0.000     1.253     0.006     0.004     1.241     0.072 0.00008676 
2017-12-08 11:57:19   3560     0.008     1.708     0.008     1.708     0.000     1.708     0.012     0.008     1.667     0.072 0.00008673 
2017-12-08 11:57:20   3570     0.008     1.509     0.008     1.509     0.000     1.509     0.007     0.005     1.326     0.072 0.00008669 
2017-12-08 11:57:21   3580     0.009     1.544     0.009     1.544     0.000     1.544     0.008     0.006     1.531     0.072 0.00008666 
2017-12-08 11:57:22   3590     0.008     1.307     0.008     1.307     0.000     1.307     0.006     0.004     1.290     0.072 0.00008662 
2017-12-08 11:57:23   3600     0.009     1.646     0.009     1.646     0.001     1.646     0.010     0.007     1.651     0.072 0.00008659  Graphing
     0.57,   0.57,   0.55,   0.54,   0.29,   0.58,   0.58,   0.56,   0.56,   0.29
[-0.9375  -0.8125  -0.0625  -0.90625  0.65625] [-0.75874591 -0.75646853 -0.29177016 -0.75619429  0.72247589]
Date                  Step    Loss_X    Loss_G    Loss_Z  Loss_PIN     kappa learning_rate
2017-12-08 11:57:25   3610     0.008     1.527     0.008     1.527     0.000     1.527     0.009     0.006     1.514     0.072 0.00008655 
2017-12-08 11:57:26   3620     0.009     1.243     0.009     1.243     0.000     1.243     0.006     0.004     1.252     0.072 0.00008652 
2017-12-08 11:57:27   3630     0.008     1.439     0.008     1.439     0.000     1.439     0.008     0.005     1.419     0.072 0.00008648 
2017-12-08 11:57:27   3640     0.008     1.163     0.008     1.163     0.000     1.163     0.006     0.004     1.157     0.072 0.00008645 
2017-12-08 11:57:28   3650     0.008     1.600     0.008     1.600     0.000     1.600     0.010     0.007     1.592     0.072 0.00008642 
2017-12-08 11:57:29   3660     0.009     1.363     0.009     1.363     0.000     1.363     0.008     0.005     1.340     0.072 0.00008638 
2017-12-08 11:57:30   3670     0.007     1.351     0.007     1.351     0.000     1.351     0.008     0.005     1.369     0.072 0.00008635 
2017-12-08 11:57:31   3680     0.008     1.514     0.008     1.514     0.000     1.514     0.009     0.006     1.473     0.072 0.00008631 
2017-12-08 11:57:32   3690     0.008     1.689     0.008     1.689     0.000     1.689     0.010     0.006     1.586     0.072 0.00008628 
2017-12-08 11:57:33   3700     0.008     1.416     0.008     1.416     0.000     1.416     0.008     0.005     1.398     0.072 0.00008624  Graphing
     0.58,   0.58,   0.55,   0.54,   0.29,   0.59,   0.58,   0.55,   0.55,   0.28
[-1.      -0.90625 -0.125   -0.90625  0.59375] [-0.75731105 -0.75625241 -0.1544784  -0.75489652  0.71675092]
Date                  Step    Loss_X    Loss_G    Loss_Z  Loss_PIN     kappa learning_rate
2017-12-08 11:57:35   3710     0.009     1.353     0.009     1.353     0.000     1.353     0.007     0.005     1.348     0.072 0.00008621 
2017-12-08 11:57:36   3720     0.008     1.633     0.008     1.633     0.000     1.633     0.009     0.006     1.525     0.072 0.00008617 
2017-12-08 11:57:36   3730     0.009     1.314     0.009     1.314     0.000     1.314     0.008     0.005     1.314     0.072 0.00008614 
2017-12-08 11:57:37   3740     0.009     1.627     0.009     1.627     0.000     1.627     0.010     0.007     1.596     0.072 0.00008611 
2017-12-08 11:57:38   3750     0.008     1.474     0.008     1.474     0.000     1.474     0.009     0.006     1.467     0.072 0.00008607 
2017-12-08 11:57:39   3760     0.009     1.571     0.009     1.571     0.000     1.571     0.009     0.006     1.505     0.072 0.00008604 
2017-12-08 11:57:40   3770     0.008     1.467     0.008     1.467     0.000     1.467     0.008     0.005     1.411     0.072 0.00008600 
2017-12-08 11:57:41   3780     0.008     1.756     0.008     1.756     0.000     1.756     0.011     0.007     1.775     0.072 0.00008597 
2017-12-08 11:57:42   3790     0.008     1.682     0.008     1.682     0.000     1.682     0.011     0.007     1.654     0.072 0.00008593 
2017-12-08 11:57:43   3800     0.008     1.427     0.008     1.427     0.000     1.427     0.008     0.006     1.432     0.072 0.00008590  Graphing
     0.57,   0.57,   0.55,   0.54,   0.29,   0.56,   0.55,   0.53,   0.53,   0.28
[-0.96875 -0.9375  -0.125   -0.96875  0.5625 ] [-0.75878125 -0.75682956 -0.23521702 -0.7563706   0.72265488]
Date                  Step    Loss_X    Loss_G    Loss_Z  Loss_PIN     kappa learning_rate
2017-12-08 11:57:44   3810     0.007     1.766     0.007     1.766     0.000     1.766     0.010     0.007     1.640     0.072 0.00008586 
2017-12-08 11:57:45   3820     0.009     1.742     0.009     1.742     0.000     1.742     0.010     0.007     1.651     0.072 0.00008583 
2017-12-08 11:57:46   3830     0.008     1.573     0.008     1.573     0.000     1.573     0.010     0.007     1.558     0.072 0.00008580 
2017-12-08 11:57:47   3840     0.008     1.179     0.008     1.179     0.000     1.179     0.006     0.004     1.175     0.072 0.00008576 
2017-12-08 11:57:48   3850     0.008     1.665     0.008     1.665     0.000     1.665     0.009     0.006     1.501     0.072 0.00008573 
2017-12-08 11:57:49   3860     0.008     1.431     0.008     1.431     0.000     1.431     0.007     0.005     1.374     0.072 0.00008569 
2017-12-08 11:57:50   3870     0.008     1.274     0.008     1.274     0.000     1.274     0.007     0.005     1.267     0.072 0.00008566 
2017-12-08 11:57:51   3880     0.008     1.736     0.008     1.736     0.000     1.736     0.010     0.007     1.707     0.072 0.00008562 
2017-12-08 11:57:51   3890     0.008     1.450     0.008     1.450     0.000     1.450     0.008     0.005     1.428     0.072 0.00008559 
2017-12-08 11:57:52   3900     0.009     1.595     0.009     1.595     0.001     1.595     0.010     0.006     1.562     0.072 0.00008556  Graphing
     0.56,   0.56,   0.55,   0.54,   0.29,   0.59,   0.58,   0.57,   0.56,   0.30
[-0.96875 -0.84375 -0.28125 -0.875    0.59375] [-0.75804842 -0.75607926 -0.29186586 -0.75606573  0.72318006]
Date                  Step    Loss_X    Loss_G    Loss_Z  Loss_PIN     kappa learning_rate
2017-12-08 11:57:54   3910     0.008     1.469     0.008     1.469     0.000     1.469     0.008     0.006     1.417     0.072 0.00008552 
2017-12-08 11:57:55   3920     0.008     1.406     0.008     1.406     0.000     1.406     0.009     0.006     1.389     0.072 0.00008549 
2017-12-08 11:57:56   3930     0.008     1.696     0.008     1.696     0.000     1.696     0.009     0.006     1.590     0.072 0.00008545 
2017-12-08 11:57:57   3940     0.008     1.553     0.008     1.553     0.000     1.553     0.009     0.006     1.524     0.072 0.00008542 
2017-12-08 11:57:58   3950     0.007     1.287     0.007     1.287     0.000     1.287     0.007     0.005     1.228     0.072 0.00008538 
2017-12-08 11:57:58   3960     0.007     1.329     0.007     1.329     0.000     1.329     0.007     0.005     1.306     0.072 0.00008535 
2017-12-08 11:57:59   3970     0.008     1.537     0.008     1.537     0.000     1.537     0.009     0.006     1.468     0.072 0.00008532 
2017-12-08 11:58:00   3980     0.008     1.361     0.008     1.361     0.000     1.361     0.008     0.005     1.361     0.072 0.00008528 
2017-12-08 11:58:01   3990     0.008     1.701     0.008     1.701     0.000     1.701     0.011     0.007     1.628     0.072 0.00008525 
2017-12-08 11:58:02   4000     0.008     1.376     0.008     1.376     0.000     1.376     0.009     0.006     1.360     0.072 0.00008521  Graphing
     0.56,   0.56,   0.55,   0.54,   0.29,   0.56,   0.56,   0.55,   0.55,   0.28
[-0.9375  -0.875   -0.25    -0.96875  0.71875] [-0.75930876 -0.75674325 -0.30646077 -0.75723392  0.72704113]
Date                  Step    Loss_X    Loss_G    Loss_Z  Loss_PIN     kappa learning_rate
2017-12-08 11:58:04   4010     0.008     1.467     0.008     1.467     0.000     1.467     0.008     0.005     1.413     0.072 0.00008518 
2017-12-08 11:58:05   4020     0.008     1.424     0.008     1.424     0.000     1.424     0.009     0.006     1.383     0.072 0.00008515 
2017-12-08 11:58:06   4030     0.009     1.537     0.009     1.537     0.000     1.537     0.009     0.006     1.494     0.072 0.00008511 
2017-12-08 11:58:06   4040     0.008     1.564     0.008     1.564     0.000     1.564     0.009     0.006     1.459     0.072 0.00008508 
2017-12-08 11:58:07   4050     0.008     1.362     0.008     1.362     0.000     1.362     0.008     0.005     1.359     0.072 0.00008504 
2017-12-08 11:58:08   4060     0.008     1.069     0.008     1.069     0.000     1.069     0.005     0.003     1.070     0.072 0.00008501 
2017-12-08 11:58:09   4070     0.008     1.509     0.008     1.509     0.000     1.509     0.009     0.006     1.454     0.072 0.00008498 
2017-12-08 11:58:10   4080     0.008     1.778     0.008     1.778     0.000     1.778     0.011     0.007     1.666     0.072 0.00008494 
2017-12-08 11:58:11   4090     0.008     1.470     0.008     1.470     0.000     1.470     0.009     0.006     1.427     0.072 0.00008491 
2017-12-08 11:58:12   4100     0.008     1.704     0.008     1.704     0.000     1.704     0.011     0.007     1.735     0.072 0.00008487  Graphing
     0.55,   0.55,   0.55,   0.54,   0.29,   0.55,   0.54,   0.54,   0.54,   0.28
[-0.90625 -0.75    -0.28125 -0.90625  0.6875 ] [-0.75773567 -0.7557373  -0.29189408 -0.75646323  0.72665739]
Date                  Step    Loss_X    Loss_G    Loss_Z  Loss_PIN     kappa learning_rate
2017-12-08 11:58:13   4110     0.009     1.584     0.009     1.584     0.000     1.584     0.009     0.006     1.472     0.072 0.00008484 
2017-12-08 11:58:14   4120     0.009     1.545     0.009     1.545  