   0  4 Bald
   1 15 Eyeglasses
   2 20 Male
   3 22 Mustache
   4 24 No_Beard
2017-12-08 12:13:03      1     0.384     0.010     0.384     2.835     0.005     2.835     0.001     0.005     2.868     0.072 0.00010000  Graphing
     0.57,   0.57,   0.55,   0.54,   0.29,   0.02,   0.03,   0.02,   0.02,   0.02
[-0.9375  -0.875   -0.09375 -0.96875  0.75   ] [-0.49222377 -0.28470975 -0.36152032 -0.57909745 -0.08869998]
Date                  Step    Loss_X    Loss_G    Loss_Z  Loss_PIN     kappa learning_rate
2017-12-08 12:13:05     10     0.202     0.031     0.202     2.882     0.096     2.882     0.000     0.097     2.918     0.072 0.00009996 
2017-12-08 12:13:06     20     0.111     0.040     0.111     2.919     0.012     2.919     0.001     0.012     2.964     0.072 0.00009992 
2017-12-08 12:13:07     30     0.080     0.029     0.080     2.826     0.004     2.826     0.002     0.004     2.862     0.072 0.00009988 
2017-12-08 12:13:08     40     0.066     0.036     0.066     2.867     0.004     2.867     0.003     0.004     2.907     0.072 0.00009984 
2017-12-08 12:13:08     50     0.063     0.028     0.063     2.885     0.009     2.885     0.002     0.009     2.915     0.072 0.00009980 
2017-12-08 12:13:09     60     0.054     0.026     0.054     2.949     0.004     2.949     0.003     0.004     2.972     0.072 0.00009976 
2017-12-08 12:13:10     70     0.045    -0.002     0.045     2.974     0.004     2.974     0.004     0.005     2.971     0.072 0.00009972 
2017-12-08 12:13:11     80     0.038     0.017     0.038     3.040     0.003     3.040     0.004     0.004     3.042     0.072 0.00009968 
2017-12-08 12:13:12     90     0.037     0.013     0.037     3.063     0.003     3.063     0.004     0.005     3.057     0.072 0.00009964 
2017-12-08 12:13:13    100     0.034     0.011     0.034     3.111     0.003     3.111     0.004     0.005     3.099     0.072 0.00009960  Graphing
     0.55,   0.55,   0.55,   0.54,   0.29,   0.54,   0.55,   0.54,   0.53,   0.24
[-1.      -0.84375 -0.28125 -0.9375   0.875  ] [-0.36786294 -0.00272031 -0.19697644 -0.4755441  -0.17187981]
Date                  Step    Loss_X    Loss_G    Loss_Z  Loss_PIN     kappa learning_rate
2017-12-08 12:13:14    110     0.034     0.022     0.034     3.152     0.003     3.152     0.005     0.006     3.155     0.072 0.00009956 
2017-12-08 12:13:15    120     0.032     0.014     0.032     3.159     0.004     3.159     0.005     0.006     3.143     0.072 0.00009952 
2017-12-08 12:13:16    130     0.031     0.000     0.031     3.209     0.003     3.209     0.005     0.007     3.184     0.072 0.00009948 
2017-12-08 12:13:17    140     0.027     0.002     0.027     3.208     0.003     3.208     0.006     0.006     3.191     0.072 0.00009944 
2017-12-08 12:13:18    150     0.026     0.009     0.026     3.290     0.003     3.290     0.005     0.007     3.274     0.072 0.00009940 
2017-12-08 12:13:19    160     0.029     0.003     0.029     3.323     0.003     3.323     0.006     0.008     3.298     0.072 0.00009936 
2017-12-08 12:13:20    170     0.026    -0.001     0.026     3.325     0.003     3.325     0.006     0.008     3.287     0.072 0.00009932 
2017-12-08 12:13:20    180     0.025    -0.001     0.025     3.382     0.003     3.382     0.006     0.008     3.349     0.072 0.00009928 
2017-12-08 12:13:21    190     0.022     0.003     0.022     3.415     0.003     3.415     0.008     0.008     3.376     0.072 0.00009924 
2017-12-08 12:13:22    200     0.021    -0.006     0.021     3.478     0.002     3.478     0.008     0.010     3.419     0.072 0.00009920  Graphing
     0.55,   0.55,   0.55,   0.54,   0.29,   0.55,   0.58,   0.54,   0.54,   0.26
[-0.96875 -0.84375 -0.34375 -0.96875  0.875  ] [-0.00460761  0.20395523 -0.20849955 -0.27912709 -0.14904326]
Date                  Step    Loss_X    Loss_G    Loss_Z  Loss_PIN     kappa learning_rate
2017-12-08 12:13:24    210     0.021     0.003     0.021     3.463     0.003     3.463     0.008     0.009     3.424     0.072 0.00009916 
2017-12-08 12:13:25    220     0.020    -0.006     0.020     3.509     0.003     3.509     0.009     0.009     3.437     0.072 0.00009912 
2017-12-08 12:13:26    230     0.019     0.005     0.019     3.563     0.002     3.563     0.009     0.010     3.487     0.072 0.00009908 
2017-12-08 12:13:27    240     0.021    -0.006     0.021     3.601     0.003     3.601     0.010     0.011     3.530     0.072 0.00009904 
2017-12-08 12:13:27    250     0.019     0.003     0.019     3.638     0.002     3.638     0.010     0.011     3.567     0.072 0.00009900 
2017-12-08 12:13:28    260     0.020     0.005     0.020     3.626     0.003     3.626     0.011     0.011     3.552     0.072 0.00009897 
2017-12-08 12:13:29    270     0.018    -0.008     0.018     3.712     0.003     3.712     0.012     0.012     3.622     0.072 0.00009893 
2017-12-08 12:13:30    280     0.017    -0.008     0.017     3.718     0.002     3.718     0.012     0.013     3.598     0.072 0.00009889 
2017-12-08 12:13:31    290     0.018    -0.011     0.018     3.799     0.002     3.799     0.014     0.013     3.701     0.072 0.00009885 
2017-12-08 12:13:32    300     0.021    -0.014     0.021     3.796     0.003     3.796     0.014     0.014     3.668     0.072 0.00009881  Graphing
     0.57,   0.57,   0.55,   0.54,   0.29,   0.54,   0.59,   0.52,   0.51,   0.26
[-0.96875 -0.875   -0.34375 -0.90625  0.71875] [ 0.20885399  0.37189338 -0.16659606 -0.08628791 -0.1802671 ]
Date                  Step    Loss_X    Loss_G    Loss_Z  Loss_PIN     kappa learning_rate
2017-12-08 12:13:34    310     0.020    -0.015     0.020     3.821     0.003     3.821     0.015     0.014     3.669     0.072 0.00009877 
2017-12-08 12:13:34    320     0.017    -0.012     0.017     3.820     0.003     3.820     0.015     0.015     3.708     0.072 0.00009873 
2017-12-08 12:13:35    330     0.017    -0.013     0.017     3.853     0.003     3.853     0.015     0.018     3.737     0.072 0.00009869 
2017-12-08 12:13:36    340     0.018    -0.004     0.018     3.907     0.003     3.907     0.015     0.017     3.804     0.072 0.00009865 
2017-12-08 12:13:37    350     0.016    -0.015     0.016     3.974     0.003     3.974     0.017     0.018     3.841     0.072 0.00009861 
2017-12-08 12:13:38    360     0.018    -0.018     0.018     3.941     0.002     3.941     0.016     0.015     3.813     0.072 0.00009857 
2017-12-08 12:13:39    370     0.017    -0.009     0.017     3.987     0.003     3.987     0.018     0.020     3.860     0.072 0.00009853 
2017-12-08 12:13:40    380     0.017    -0.014     0.017     4.012     0.002     4.012     0.018     0.017     3.870     0.072 0.00009849 
2017-12-08 12:13:40    390     0.016    -0.013     0.016     4.062     0.002     4.062     0.019     0.018     3.931     0.072 0.00009845 
2017-12-08 12:13:41    400     0.016    -0.018     0.016     4.155     0.002     4.155     0.019     0.018     3.997     0.072 0.00009841  Graphing
     0.57,   0.57,   0.55,   0.54,   0.29,   0.56,   0.62,   0.54,   0.53,   0.27
[-0.96875 -0.9375  -0.21875 -0.9375   0.78125] [ 0.37287408  0.46319437 -0.18306097  0.10167758 -0.23654579]
Date                  Step    Loss_X    Loss_G    Loss_Z  Loss_PIN     kappa learning_rate
2017-12-08 12:13:43    410     0.016    -0.023     0.016     4.083     0.002     4.083     0.020     0.019     3.955     0.072 0.00009837 
2017-12-08 12:13:44    420     0.017    -0.010     0.017     4.186     0.002     4.186     0.020     0.018     4.081     0.072 0.00009833 
2017-12-08 12:13:45    430     0.016    -0.016     0.016     4.180     0.002     4.180     0.022     0.021     4.049     0.072 0.00009829 
2017-12-08 12:13:46    440     0.017    -0.016     0.017     4.276     0.002     4.276     0.021     0.019     4.161     0.072 0.00009826 
2017-12-08 12:13:47    450     0.016    -0.022     0.016     4.244     0.002     4.244     0.022     0.021     4.096     0.072 0.00009822 
2017-12-08 12:13:47    460     0.015    -0.010     0.015     4.243     0.002     4.243     0.022     0.020     4.135     0.072 0.00009818 
2017-12-08 12:13:48    470     0.016    -0.027     0.016     4.348     0.002     4.348     0.023     0.020     4.206     0.072 0.00009814 
2017-12-08 12:13:49    480     0.014    -0.011     0.014     4.284     0.002     4.284     0.023     0.021     4.162     0.072 0.00009810 
2017-12-08 12:13:50    490     0.015    -0.028     0.015     4.285     0.002     4.285     0.025     0.022     4.131     0.072 0.00009806 
2017-12-08 12:13:51    500     0.014    -0.034     0.014     4.441     0.002     4.441     0.024     0.020     4.313     0.072 0.00009802  Graphing
     0.59,   0.59,   0.55,   0.54,   0.29,   0.59,   0.65,   0.55,   0.54,   0.29
[-0.90625 -0.875   -0.0625  -0.90625  0.6875 ] [ 0.47344059  0.55883974 -0.17770822  0.26089802 -0.30470675]
Date                  Step    Loss_X    Loss_G    Loss_Z  Loss_PIN     kappa learning_rate
2017-12-08 12:13:53    510     0.014    -0.028     0.014     4.464     0.002     4.464     0.026     0.021     4.315     0.072 0.00009798 
2017-12-08 12:13:54    520     0.015    -0.022     0.015     4.531     0.002     4.531     0.026     0.022     4.405     0.072 0.00009794 
2017-12-08 12:13:55    530     0.016    -0.018     0.016     4.509     0.002     4.509     0.026     0.023     4.404     0.072 0.00009790 
2017-12-08 12:13:55    540     0.015    -0.029     0.015     4.549     0.002     4.549     0.026     0.024     4.414     0.072 0.00009786 
2017-12-08 12:13:56    550     0.014    -0.010     0.014     4.523     0.002     4.523     0.025     0.023     4.408     0.072 0.00009782 
2017-12-08 12:13:57    560     0.013    -0.034     0.013     4.676     0.002     4.676     0.026     0.022     4.544     0.072 0.00009778 
2017-12-08 12:13:58    570     0.015    -0.038     0.015     4.603     0.002     4.603     0.026     0.023     4.477     0.072 0.00009775 
2017-12-08 12:13:59    580     0.015    -0.016     0.015     4.676     0.002     4.676     0.028     0.023     4.554     0.072 0.00009771 
2017-12-08 12:14:00    590     0.014    -0.039     0.014     4.667     0.002     4.667     0.028     0.023     4.535     0.072 0.00009767 
2017-12-08 12:14:01    600     0.014    -0.038     0.014     4.766     0.002     4.766     0.029     0.022     4.611     0.072 0.00009763  Graphing
     0.56,   0.56,   0.55,   0.54,   0.29,   0.55,   0.62,   0.53,   0.53,   0.28
[-0.96875 -0.90625 -0.09375 -0.90625  0.6875 ] [ 0.53377539  0.60822254 -0.16629113  0.38593933 -0.35625672]
Date                  Step    Loss_X    Loss_G    Loss_Z  Loss_PIN     kappa learning_rate
2017-12-08 12:14:03    610     0.013    -0.043     0.013     4.819     0.002     4.819     0.028     0.023     4.690     0.072 0.00009759 
2017-12-08 12:14:03    620     0.012    -0.029     0.012     4.788     0.001     4.788     0.027     0.022     4.683     0.072 0.00009755 
2017-12-08 12:14:04    630     0.014    -0.022     0.014     4.777     0.002     4.777     0.027     0.023     4.700     0.072 0.00009751 
2017-12-08 12:14:05    640     0.014    -0.046     0.014     4.873     0.002     4.873     0.029     0.024     4.738     0.072 0.00009747 
2017-12-08 12:14:06    650     0.013    -0.044     0.013     4.920     0.001     4.920     0.029     0.023     4.810     0.072 0.00009743 
2017-12-08 12:14:07    660     0.013    -0.018     0.013     5.000     0.002     5.000     0.028     0.024     4.909     0.072 0.00009739 
2017-12-08 12:14:08    670     0.014    -0.034     0.014     4.979     0.001     4.979     0.029     0.022     4.886     0.072 0.00009736 
2017-12-08 12:14:09    680     0.013    -0.043     0.013     4.981     0.001     4.981     0.031     0.023     4.861     0.072 0.00009732 
2017-12-08 12:14:09    690     0.014    -0.046     0.014     5.042     0.002     5.042     0.031     0.022     4.887     0.072 0.00009728 
2017-12-08 12:14:10    700     0.013    -0.046     0.013     5.129     0.001     5.129     0.030     0.023     5.014     0.072 0.00009724  Graphing
     0.58,   0.58,   0.55,   0.54,   0.29,   0.56,   0.64,   0.54,   0.53,   0.28
[-0.9375  -0.9375  -0.09375 -0.90625  0.5625 ] [ 0.59806514  0.66224927 -0.15467565  0.51296395 -0.41518146]
Date                  Step    Loss_X    Loss_G    Loss_Z  Loss_PIN     kappa learning_rate
2017-12-08 12:14:12    710     0.013    -0.033     0.013     5.201     0.001     5.201     0.028     0.023     5.112     0.072 0.00009720 
2017-12-08 12:14:13    720     0.013    -0.056     0.013     5.177     0.001     5.177     0.030     0.023     5.045     0.072 0.00009716 
2017-12-08 12:14:14    730     0.013    -0.055     0.013     5.180     0.001     5.180     0.029     0.024     5.059     0.072 0.00009712 
2017-12-08 12:14:15    740     0.012     0.006     0.012     5.167     0.001     5.167     0.029     0.024     5.132     0.072 0.00009708 
2017-12-08 12:14:16    750     0.014    -0.054     0.014     5.261     0.001     5.261     0.030     0.023     5.142     0.072 0.00009704 
2017-12-08 12:14:16    760     0.013    -0.055     0.013     5.379     0.001     5.379     0.029     0.024     5.294     0.072 0.00009701 
2017-12-08 12:14:17    770     0.013    -0.056     0.013     5.461     0.001     5.461     0.033     0.025     5.347     0.072 0.00009697 
2017-12-08 12:14:18    780     0.013    -0.053     0.013     5.427     0.001     5.427     0.031     0.024     5.326     0.072 0.00009693 
2017-12-08 12:14:19    790     0.013    -0.015     0.013     5.490     0.001     5.490     0.029     0.023     5.431     0.072 0.00009689 
2017-12-08 12:14:20    800     0.012    -0.023     0.012     5.500     0.001     5.500     0.031     0.025     5.435     0.072 0.00009685  Graphing
     0.57,   0.57,   0.55,   0.54,   0.29,   0.58,   0.66,   0.55,   0.55,   0.29
[-0.84375 -0.84375 -0.125   -0.96875  0.71875] [ 0.63575822  0.69616133 -0.09989043  0.6072458  -0.4528842 ]
Date                  Step    Loss_X    Loss_G    Loss_Z  Loss_PIN     kappa learning_rate
2017-12-08 12:14:22    810     0.012    -0.059     0.012     5.545     0.001     5.545     0.032     0.023     5.447     0.072 0.00009681 
2017-12-08 12:14:23    820     0.012    -0.063     0.012     5.685     0.001     5.685     0.031     0.023     5.581     0.072 0.00009677 
2017-12-08 12:14:24    830     0.013    -0.060     0.013     5.669     0.001     5.669     0.032     0.025     5.571     0.072 0.00009673 
2017-12-08 12:14:25    840     0.012    -0.049     0.012     5.689     0.001     5.689     0.033     0.026     5.597     0.072 0.00009670 
2017-12-08 12:14:26    850     0.012    -0.042     0.012     5.668     0.001     5.668     0.031     0.023     5.608     0.072 0.00009666 
2017-12-08 12:14:26    860     0.011    -0.017     0.011     5.845     0.001     5.845     0.033     0.024     5.798     0.072 0.00009662 
2017-12-08 12:14:27    870     0.012    -0.058     0.012     5.775     0.001     5.775     0.034     0.026     5.690     0.072 0.00009658 
2017-12-08 12:14:28    880     0.012    -0.045     0.012     5.773     0.001     5.773     0.032     0.025     5.714     0.072 0.00009654 
2017-12-08 12:14:29    890     0.011    -0.064     0.011     5.828     0.001     5.828     0.034     0.025     5.750     0.072 0.00009650 
2017-12-08 12:14:30    900     0.012    -0.022     0.012     5.975     0.001     5.975     0.032     0.024     5.927     0.072 0.00009646  Graphing
     0.57,   0.57,   0.55,   0.54,   0.29,   0.57,   0.65,   0.55,   0.55,   0.28
[-0.96875 -0.9375  -0.125   -0.9375   0.71875] [ 0.66136479  0.71287954 -0.07718396  0.65525621 -0.50125384]
Date                  Step    Loss_X    Loss_G    Loss_Z  Loss_PIN     kappa learning_rate
2017-12-08 12:14:32    910     0.013    -0.004     0.013     5.770     0.001     5.770     0.033     0.025     5.763     0.072 0.00009643 
2017-12-08 12:14:33    920     0.013    -0.064     0.013     6.032     0.001     6.032     0.033     0.025     5.956     0.072 0.00009639 
2017-12-08 12:14:34    930     0.012    -0.046     0.012     6.063     0.001     6.063     0.032     0.023     5.992     0.072 0.00009635 
2017-12-08 12:14:35    940     0.012    -0.072     0.012     6.006     0.001     6.006     0.034     0.025     5.909     0.072 0.00009631 
2017-12-08 12:14:35    950     0.011    -0.046     0.011     6.068     0.001     6.068     0.032     0.024     5.995     0.072 0.00009627 
2017-12-08 12:14:36    960     0.011    -0.073     0.011     6.221     0.001     6.221     0.034     0.024     6.124     0.072 0.00009623 
2017-12-08 12:14:37    970     0.012    -0.071     0.012     6.295     0.001     6.295     0.032     0.024     6.207     0.072 0.00009619 
2017-12-08 12:14:38    980     0.012    -0.049     0.012     6.183     0.001     6.183     0.033     0.024     6.119     0.072 0.00009616 
2017-12-08 12:14:39    990     0.011    -0.073     0.011     6.221     0.001     6.221     0.034     0.024     6.134     0.072 0.00009612 
2017-12-08 12:14:40   1000     0.010    -0.078     0.010     6.424     0.001     6.424     0.033     0.024     6.332     0.072 0.00009608  Graphing
     0.58,   0.58,   0.55,   0.54,   0.29,   0.58,   0.66,   0.55,   0.54,   0.28
[-0.96875 -0.96875 -0.15625 -1.       0.6875 ] [ 0.68400848  0.72654831 -0.05988074  0.6902799  -0.54685831]
Date                  Step    Loss_X    Loss_G    Loss_Z  Loss_PIN     kappa learning_rate
2017-12-08 12:14:42   1010     0.011    -0.075     0.011     6.396     0.001     6.396     0.033     0.024     6.301     0.072 0.00009604 
2017-12-08 12:14:42   1020     0.012    -0.039     0.012     6.405     0.001     6.405     0.032     0.025     6.348     0.072 0.00009600 
2017-12-08 12:14:43   1030     0.011    -0.076     0.011     6.554     0.001     6.554     0.034     0.024     6.461     0.072 0.00009596 
2017-12-08 12:14:44   1040     0.012    -0.077     0.012     6.463     0.001     6.463     0.032     0.024     6.382     0.072 0.00009593 
2017-12-08 12:14:45   1050     0.010    -0.081     0.010     6.392     0.001     6.392     0.033     0.023     6.304     0.072 0.00009589 
2017-12-08 12:14:46   1060     0.012    -0.056     0.012     6.608     0.001     6.608     0.034     0.024     6.538     0.072 0.00009585 
2017-12-08 12:14:47   1070     0.011    -0.057     0.011     6.493     0.001     6.493     0.034     0.025     6.422     0.072 0.00009581 
2017-12-08 12:14:48   1080     0.011    -0.078     0.011     6.583     0.001     6.583     0.035     0.025     6.490     0.072 0.00009577 
2017-12-08 12:14:48   1090     0.011    -0.084     0.011     6.838     0.001     6.838     0.034     0.025     6.743     0.072 0.00009573 
2017-12-08 12:14:49   1100     0.012    -0.082     0.012     6.684     0.001     6.684     0.034     0.024     6.607     0.072 0.00009570  Graphing
     0.57,   0.57,   0.55,   0.54,   0.29,   0.57,   0.65,   0.54,   0.54,   0.28
[-1.      -0.84375 -0.1875  -1.       0.59375] [ 0.6977911   0.73491955  0.02070238  0.71279591 -0.58000064]
Date                  Step    Loss_X    Loss_G    Loss_Z  Loss_PIN     kappa learning_rate
2017-12-08 12:14:51   1110     0.012    -0.086     0.012     6.622     0.001     6.622     0.035     0.025     6.532     0.072 0.00009566 
2017-12-08 12:14:52   1120     0.012    -0.086     0.012     6.733     0.001     6.733     0.034     0.025     6.651     0.072 0.00009562 
2017-12-08 12:14:53   1130     0.011    -0.090     0.011     6.830     0.001     6.830     0.035     0.025     6.730     0.072 0.00009558 
2017-12-08 12:14:54   1140     0.011    -0.084     0.011     6.733     0.001     6.733     0.033     0.025     6.636     0.072 0.00009554 
2017-12-08 12:14:55   1150     0.011    -0.088     0.011     7.028     0.001     7.028     0.033     0.023     6.927     0.072 0.00009550 
2017-12-08 12:14:56   1160     0.012    -0.059     0.012     6.951     0.001     6.951     0.035     0.026     6.890     0.072 0.00009547 
2017-12-08 12:14:56   1170     0.012    -0.092     0.012     6.933     0.001     6.933     0.035     0.025     6.848     0.072 0.00009543 
2017-12-08 12:14:57   1180     0.012    -0.092     0.012     7.060     0.001     7.060     0.037     0.025     6.973     0.072 0.00009539 
2017-12-08 12:14:58   1190     0.012    -0.086     0.012     7.005     0.001     7.005     0.037     0.024     6.913     0.072 0.00009535 
2017-12-08 12:14:59   1200     0.011    -0.033     0.011     7.080     0.001     7.080     0.035     0.024     7.042     0.072 0.00009531  Graphing
     0.55,   0.55,   0.55,   0.54,   0.29,   0.54,   0.63,   0.53,   0.53,   0.27
[-0.96875 -0.84375 -0.15625 -0.96875  0.6875 ] [ 0.71154934  0.74116564  0.0489579   0.72832257 -0.6144504 ]
Date                  Step    Loss_X    Loss_G    Loss_Z  Loss_PIN     kappa learning_rate
2017-12-08 12:15:01   1210     0.012    -0.032     0.012     7.105     0.001     7.105     0.033     0.026     7.071     0.072 0.00009528 
2017-12-08 12:15:02   1220     0.011    -0.056     0.011     7.261     0.001     7.261     0.034     0.024     7.197     0.072 0.00009524 
2017-12-08 12:15:03   1230     0.011    -0.065     0.011     7.165     0.001     7.165     0.033     0.025     7.093     0.072 0.00009520 
2017-12-08 12:15:04   1240     0.010    -0.097     0.010     7.295     0.001     7.295     0.031     0.023     7.189     0.072 0.00009516 
2017-12-08 12:15:05   1250     0.011    -0.097     0.011     7.293     0.001     7.293     0.030     0.023     7.195     0.072 0.00009512 
2017-12-08 12:15:05   1260     0.010    -0.097     0.010     7.227     0.001     7.227     0.033     0.024     7.112     0.072 0.00009508 
2017-12-08 12:15:06   1270     0.011    -0.096     0.011     7.455     0.001     7.455     0.032     0.024     7.352     0.072 0.00009505 
2017-12-08 12:15:07   1280     0.010    -0.096     0.010     7.308     0.001     7.308     0.033     0.025     7.207     0.072 0.00009501 
2017-12-08 12:15:08   1290     0.012    -0.097     0.012     7.550     0.001     7.550     0.034     0.024     7.442     0.072 0.00009497 
2017-12-08 12:15:09   1300     0.012    -0.095     0.012     7.279     0.001     7.279     0.035     0.026     7.187     0.072 0.00009493  Graphing
     0.53,   0.53,   0.55,   0.54,   0.29,   0.54,   0.62,   0.55,   0.55,   0.28
[-0.96875 -0.78125 -0.09375 -0.875    0.625  ] [ 0.72268295  0.74463618  0.06625577  0.73748833 -0.64658016]
Date                  Step    Loss_X    Loss_G    Loss_Z  Loss_PIN     kappa learning_rate
2017-12-08 12:15:11   1310     0.012    -0.071     0.012     7.457     0.001     7.457     0.035     0.025     7.377     0.072 0.00009489 
2017-12-08 12:15:12   1320     0.010    -0.102     0.010     7.533     0.001     7.533     0.035     0.024     7.427     0.072 0.00009486 
2017-12-08 12:15:12   1330     0.011    -0.035     0.011     7.658     0.001     7.658     0.035     0.024     7.615     0.072 0.00009482 
2017-12-08 12:15:13   1340     0.010    -0.104     0.010     7.508     0.001     7.508     0.035     0.025     7.392     0.072 0.00009478 
2017-12-08 12:15:14   1350     0.010    -0.100     0.010     7.893     0.001     7.893     0.035     0.024     7.783     0.072 0.00009474 
2017-12-08 12:15:15   1360     0.011    -0.100     0.011     7.729     0.001     7.729     0.036     0.024     7.626     0.072 0.00009471 
2017-12-08 12:15:16   1370     0.011    -0.104     0.011     7.665     0.001     7.665     0.033     0.023     7.558     0.072 0.00009467 
2017-12-08 12:15:17   1380     0.010    -0.073     0.010     7.748     0.001     7.748     0.035     0.025     7.674     0.072 0.00009463 
2017-12-08 12:15:18   1390     0.011    -0.100     0.011     7.820     0.001     7.820     0.035     0.024     7.710     0.072 0.00009459 
2017-12-08 12:15:19   1400     0.011    -0.108     0.011     7.607     0.001     7.607     0.034     0.024     7.498     0.072 0.00009455  Graphing
     0.58,   0.58,   0.55,   0.54,   0.29,   0.59,   0.67,   0.56,   0.56,   0.29
[-0.96875 -0.75    -0.1875  -0.875    0.5625 ] [ 0.7313602   0.7487725   0.10284598  0.744874   -0.66755497]
Date                  Step    Loss_X    Loss_G    Loss_Z  Loss_PIN     kappa learning_rate
2017-12-08 12:15:20   1410     0.010    -0.107     0.010     7.911     0.001     7.911     0.036     0.025     7.801     0.072 0.00009452 
2017-12-08 12:15:21   1420     0.010    -0.112     0.010     8.158     0.001     8.158     0.034     0.023     8.042     0.072 0.00009448 
2017-12-08 12:15:22   1430     0.011    -0.101     0.011     7.944     0.001     7.944     0.037     0.024     7.840     0.072 0.00009444 
2017-12-08 12:15:23   1440     0.010    -0.073     0.010     7.979     0.001     7.979     0.037     0.025     7.896     0.072 0.00009440 
2017-12-08 12:15:24   1450     0.011    -0.077     0.011     8.052     0.001     8.052     0.035     0.024     7.963     0.072 0.00009436 
2017-12-08 12:15:25   1460     0.011    -0.078     0.011     7.959     0.001     7.959     0.037     0.024     7.874     0.072 0.00009433 
2017-12-08 12:15:26   1470     0.009    -0.114     0.009     8.125     0.001     8.125     0.034     0.024     8.003     0.072 0.00009429 
2017-12-08 12:15:26   1480     0.010    -0.110     0.010     7.999     0.001     7.999     0.035     0.025     7.881     0.072 0.00009425 
2017-12-08 12:15:27   1490     0.011    -0.074     0.011     8.181     0.001     8.181     0.036     0.025     8.098     0.072 0.00009421 
2017-12-08 12:15:28   1500     0.010    -0.114     0.010     8.062     0.001     8.062     0.035     0.024     7.948     0.072 0.00009418  Graphing
     0.58,   0.58,   0.55,   0.54,   0.29,   0.58,   0.67,   0.55,   0.55,   0.29
[-0.96875 -0.84375 -0.09375 -0.875    0.5625 ] [ 0.73712337  0.75153887  0.14556865  0.749493   -0.68311191]
Date                  Step    Loss_X    Loss_G    Loss_Z  Loss_PIN     kappa learning_rate
2017-12-08 12:15:30   1510     0.010    -0.078     0.010     8.156     0.001     8.156     0.035     0.023     8.071     0.072 0.00009414 
2017-12-08 12:15:31   1520     0.010    -0.118     0.010     8.265     0.001     8.265     0.036     0.025     8.139     0.072 0.00009410 
2017-12-08 12:15:32   1530     0.009    -0.119     0.009     8.446     0.001     8.446     0.034     0.024     8.323     0.072 0.00009406 
2017-12-08 12:15:33   1540     0.011    -0.076     0.011     8.013     0.001     8.013     0.035     0.024     7.928     0.072 0.00009403 
2017-12-08 12:15:33   1550     0.010    -0.121     0.010     8.359     0.001     8.359     0.037     0.025     8.236     0.072 0.00009399 
2017-12-08 12:15:34   1560     0.010    -0.008     0.010     8.318     0.001     8.318     0.035     0.023     8.306     0.072 0.00009395 
2017-12-08 12:15:35   1570     0.010    -0.052     0.010     8.606     0.001     8.606     0.037     0.024     8.557     0.072 0.00009391 
2017-12-08 12:15:36   1580     0.010     0.051     0.010     8.369     0.001     8.369     0.036     0.024     8.415     0.072 0.00009388 
2017-12-08 12:15:37   1590     0.010    -0.082     0.010     8.598     0.001     8.598     0.037     0.024     8.514     0.072 0.00009384 
2017-12-08 12:15:38   1600     0.009    -0.078     0.009     8.725     0.001     8.725     0.035     0.023     8.644     0.072 0.00009380  Graphing
     0.59,   0.59,   0.55,   0.54,   0.29,   0.58,   0.67,   0.54,   0.54,   0.28
[-0.96875 -0.90625 -0.21875 -0.96875  0.71875] [ 0.7421422   0.75326562  0.18226412  0.75276804 -0.69835997]
Date                  Step    Loss_X    Loss_G    Loss_Z  Loss_PIN     kappa learning_rate
2017-12-08 12:15:40   1610     0.011    -0.124     0.011     8.422     0.001     8.422     0.037     0.024     8.290     0.072 0.00009376 
2017-12-08 12:15:41   1620     0.009    -0.053     0.009     8.457     0.001     8.457     0.035     0.025     8.392     0.072 0.00009373 
2017-12-08 12:15:42   1630     0.010    -0.126     0.010     8.745     0.001     8.745     0.037     0.024     8.616     0.072 0.00009369 
2017-12-08 12:15:43   1640     0.010    -0.127     0.010     8.557     0.001     8.557     0.035     0.024     8.427     0.072 0.00009365 
2017-12-08 12:15:44   1650     0.010    -0.129     0.010     8.696     0.001     8.696     0.037     0.025     8.564     0.072 0.00009361 
2017-12-08 12:15:45   1660     0.010    -0.055     0.010     8.775     0.001     8.775     0.036     0.025     8.727     0.072 0.00009358 
2017-12-08 12:15:46   1670     0.010    -0.081     0.010     8.711     0.001     8.711     0.037     0.024     8.619     0.072 0.00009354 
2017-12-08 12:15:47   1680     0.010    -0.126     0.010     8.696     0.001     8.696     0.037     0.024     8.569     0.072 0.00009350 
2017-12-08 12:15:48   1690     0.010    -0.125     0.010     8.724     0.001     8.724     0.038     0.025     8.602     0.072 0.00009346 
2017-12-08 12:15:49   1700     0.012    -0.125     0.012     8.946     0.001     8.946     0.039     0.026     8.816     0.072 0.00009343  Graphing
     0.52,   0.52,   0.55,   0.54,   0.29,   0.54,   0.63,   0.56,   0.56,   0.31
[-0.9375  -0.8125  -0.125   -0.96875  0.6875 ] [ 0.74677044  0.75431776  0.17038159  0.75490469 -0.71436608]
Date                  Step    Loss_X    Loss_G    Loss_Z  Loss_PIN     kappa learning_rate
2017-12-08 12:15:51   1710     0.010    -0.126     0.010     9.094     0.001     9.094     0.036     0.024     8.967     0.072 0.00009339 
2017-12-08 12:15:52   1720     0.010    -0.133     0.010     8.947     0.001     8.947     0.037     0.024     8.810     0.072 0.00009335 
2017-12-08 12:15:53   1730     0.009    -0.071     0.009     9.263     0.001     9.263     0.038     0.024     9.185     0.072 0.00009331 
2017-12-08 12:15:54   1740     0.010    -0.130     0.010     9.323     0.001     9.323     0.036     0.023     9.187     0.072 0.00009328 
2017-12-08 12:15:55   1750     0.010    -0.136     0.010     9.353     0.001     9.353     0.038     0.024     9.214     0.072 0.00009324 
2017-12-08 12:15:56   1760     0.010    -0.138     0.010     9.211     0.001     9.211     0.038     0.025     9.064     0.072 0.00009320 
2017-12-08 12:15:57   1770     0.008    -0.139     0.008     9.326     0.001     9.326     0.038     0.024     9.187     0.072 0.00009316 
2017-12-08 12:15:58   1780     0.011    -0.134     0.011     9.357     0.001     9.357     0.038     0.025     9.218     0.072 0.00009313 
2017-12-08 12:15:59   1790     0.009    -0.138     0.009     9.386     0.001     9.386     0.037     0.024     9.244     0.072 0.00009309 
2017-12-08 12:16:01   1800     0.009    -0.141     0.009     9.474     0.001     9.474     0.036     0.024     9.327     0.072 0.00009305  Graphing
     0.58,   0.58,   0.55,   0.54,   0.29,   0.58,   0.66,   0.54,   0.54,   0.28
[-0.9375  -0.9375  -0.03125 -1.       0.59375] [ 0.75030351  0.75548816  0.18199398  0.75677806 -0.7250306 ]
Date                  Step    Loss_X    Loss_G    Loss_Z  Loss_PIN     kappa learning_rate
2017-12-08 12:16:03   1810     0.009    -0.137     0.009     9.494     0.001     9.494     0.039     0.024     9.358     0.072 0.00009302 
2017-12-08 12:16:04   1820     0.010    -0.143     0.010     9.094     0.001     9.094     0.038     0.026     8.937     0.072 0.00009298 
2017-12-08 12:16:05   1830     0.010    -0.144     0.010     9.415     0.001     9.415     0.039     0.024     9.270     0.072 0.00009294 
2017-12-08 12:16:06   1840     0.010    -0.142     0.010     9.566     0.001     9.566     0.038     0.025     9.422     0.072 0.00009290 
2017-12-08 12:16:07   1850     0.009    -0.094     0.009     9.517     0.001     9.517     0.034     0.023     9.421     0.072 0.00009287 
2017-12-08 12:16:08   1860     0.010    -0.138     0.010     9.636     0.001     9.636     0.037     0.025     9.495     0.072 0.00009283 
2017-12-08 12:16:09   1870     0.009    -0.095     0.009     9.934     0.001     9.934     0.037     0.024     9.832     0.072 0.00009279 
2017-12-08 12:16:10   1880     0.011    -0.140     0.011     9.486     0.001     9.486     0.037     0.024     9.338     0.072 0.00009276 
2017-12-08 12:16:11   1890     0.009    -0.140     0.009     9.750     0.001     9.750     0.037     0.024     9.606     0.072 0.00009272 
2017-12-08 12:16:13   1900     0.009    -0.149     0.009     9.966     0.001     9.966     0.037     0.024     9.818     0.072 0.00009268  Graphing
     0.56,   0.56,   0.55,   0.54,   0.29,   0.57,   0.66,   0.55,   0.55,   0.28
[-0.96875 -0.875   -0.15625 -0.96875  0.78125] [ 0.75279295  0.75665784  0.21580099  0.75796062 -0.73214173]
Date                  Step    Loss_X    Loss_G    Loss_Z  Loss_PIN     kappa learning_rate
2017-12-08 12:16:15   1910     0.009     0.007     0.009    10.000     0.001    10.000     0.038     0.025    10.000     0.072 0.00009264 
2017-12-08 12:16:16   1920     0.010    -0.144     0.010     9.712     0.001     9.712     0.036     0.024     9.558     0.072 0.00009261 
2017-12-08 12:16:17   1930     0.009    -0.152     0.009     9.819     0.001     9.819     0.038     0.025     9.660     0.072 0.00009257 
2017-12-08 12:16:18   1940     0.009    -0.151     0.009    10.129     0.001    10.129     0.037     0.024     9.973     0.072 0.00009253 
2017-12-08 12:16:19   1950     0.010    -0.153     0.010     9.859     0.001     9.859     0.037     0.025     9.694     0.072 0.00009250 
2017-12-08 12:16:20   1960     0.009    -0.146     0.009    10.213     0.001    10.213     0.038     0.024    10.062     0.072 0.00009246 
2017-12-08 12:16:21   1970     0.009    -0.011     0.009     9.863     0.001     9.863     0.038     0.025     9.856     0.072 0.00009242 
2017-12-08 12:16:22   1980     0.011    -0.148     0.011     9.920     0.001     9.920     0.039     0.025     9.768     0.072 0.00009239 
2017-12-08 12:16:23   1990     0.009    -0.156     0.009    10.247     0.001    10.247     0.038     0.025    10.087     0.072 0.00009235 
2017-12-08 12:16:24   2000     0.009    -0.156     0.009    10.219     0.001    10.219     0.037     0.024    10.055     0.072 0.00009231  Graphing
     0.59,   0.59,   0.55,   0.54,   0.29,   0.59,   0.68,   0.54,   0.54,   0.28
[-0.96875 -0.90625 -0.1875  -0.90625  0.625  ] [ 0.75486016  0.75759244  0.2368712   0.75886858 -0.7387259 ]
Date                  Step    Loss_X    Loss_G    Loss_Z  Loss_PIN     kappa learning_rate
2017-12-08 12:16:27   2010     0.010    -0.157     0.010    10.392     0.001    10.392     0.039     0.024    10.234     0.072 0.00009227 
2017-12-08 12:16:28   2020     0.009    -0.153     0.009    10.478     0.001    10.478     0.037     0.024    10.329     0.072 0.00009224 
2017-12-08 12:16:29   2030     0.009    -0.151     0.009    10.666     0.001    10.666     0.038     0.024    10.506     0.072 0.00009220 
2017-12-08 12:16:30   2040     0.009    -0.153     0.009    10.457     0.001    10.457     0.039     0.024    10.302     0.072 0.00009216 
2017-12-08 12:16:31   2050     0.009    -0.162     0.009    10.855     0.001    10.855     0.040     0.024    10.689     0.072 0.00009213 
2017-12-08 12:16:32   2060     0.010    -0.161     0.010    10.695     0.001    10.695     0.039     0.024    10.531     0.072 0.00009209 
2017-12-08 12:16:33   2070     0.009    -0.076     0.009    10.331     0.001    10.331     0.039     0.025    10.246     0.072 0.00009205 
2017-12-08 12:16:34   2080     0.011    -0.163     0.011    10.589     0.001    10.589     0.039     0.024    10.426     0.072 0.00009202 
2017-12-08 12:16:35   2090     0.010    -0.156     0.010    10.257     0.001    10.257     0.038     0.025    10.090     0.072 0.00009198 
2017-12-08 12:16:36   2100     0.009    -0.164     0.009    10.681     0.001    10.681     0.040     0.025    10.511     0.072 0.00009194  Graphing
     0.55,   0.55,   0.55,   0.54,   0.29,   0.54,   0.63,   0.53,   0.53,   0.27
[-0.9375  -0.90625 -0.25    -0.875    0.78125] [ 0.75644773  0.75816751  0.22970191  0.75951648 -0.74382222]
Date                  Step    Loss_X    Loss_G    Loss_Z  Loss_PIN     kappa learning_rate
2017-12-08 12:16:39   2110     0.009    -0.165     0.009    10.626     0.001    10.626     0.038     0.024    10.456     0.072 0.00009191 
2017-12-08 12:16:40   2120     0.009    -0.103     0.009    10.540     0.001    10.540     0.039     0.024    10.435     0.072 0.00009187 
2017-12-08 12:16:41   2130     0.011    -0.158     0.011    10.641     0.001    10.641     0.041     0.024    10.485     0.072 0.00009183 
2017-12-08 12:16:42   2140     0.011    -0.167     0.011    10.516     0.001    10.516     0.040     0.024    10.343     0.072 0.00009180 
2017-12-08 12:16:43   2150     0.010    -0.168     0.010    10.890     0.001    10.890     0.038     0.024    10.715     0.072 0.00009176 
2017-12-08 12:16:44   2160     0.009    -0.064     0.009    10.708     0.001    10.708     0.037     0.023    10.639     0.072 0.00009172 
2017-12-08 12:16:45   2170     0.010    -0.170     0.010    11.126     0.001    11.126     0.038     0.024    10.953     0.072 0.00009169 
2017-12-08 12:16:46   2180     0.010    -0.170     0.010    10.919     0.001    10.919     0.039     0.024    10.744     0.072 0.00009165 
2017-12-08 12:16:47   2190     0.010    -0.106     0.010    11.030     0.001    11.030     0.038     0.023    10.923     0.072 0.00009161 
2017-12-08 12:16:48   2200     0.009    -0.165     0.009    10.839     0.001    10.839     0.040     0.024    10.672     0.072 0.00009158  Graphing
     0.57,   0.57,   0.55,   0.54,   0.29,   0.56,   0.65,   0.54,   0.54,   0.28
[-0.9375  -0.875   -0.125   -0.84375  0.625  ] [ 0.75767702  0.7586903   0.23676442  0.76002526 -0.74792546]
Date                  Step    Loss_X    Loss_G    Loss_Z  Loss_PIN     kappa learning_rate
2017-12-08 12:16:51   2210     0.011    -0.164     0.011    11.319     0.001    11.319     0.039     0.023    11.156     0.072 0.00009154 
2017-12-08 12:16:52   2220     0.009    -0.173     0.009    11.129     0.001    11.129     0.038     0.024    10.948     0.072 0.00009150 
2017-12-08 12:16:53   2230     0.009    -0.166     0.009    11.086     0.001    11.086     0.040     0.025    10.912     0.072 0.00009147 
2017-12-08 12:16:54   2240     0.009    -0.109     0.009    10.581     0.001    10.581     0.038     0.025    10.467     0.072 0.00009143 
2017-12-08 12:16:55   2250     0.009    -0.110     0.009    11.348     0.001    11.348     0.039     0.025    11.232     0.072 0.00009139 
2017-12-08 12:16:56   2260     0.008    -0.167     0.008    11.279     0.001    11.279     0.040     0.025    11.111     0.072 0.00009136 
2017-12-08 12:16:57   2270     0.009    -0.169     0.009    11.569     0.001    11.569     0.040     0.024    11.404     0.072 0.00009132 
2017-12-08 12:16:58   2280     0.010    -0.178     0.010    11.634     0.001    11.634     0.038     0.025    11.453     0.072 0.00009128 
2017-12-08 12:16:59   2290     0.010    -0.178     0.010    11.017     0.001    11.017     0.038     0.025    10.832     0.072 0.00009125 
2017-12-08 12:17:00   2300     0.009    -0.179     0.009    11.818     0.001    11.818     0.042     0.024    11.644     0.072 0.00009121  Graphing
     0.55,   0.55,   0.55,   0.54,   0.29,   0.54,   0.64,   0.54,   0.54,   0.28
[-1.      -0.9375  -0.375   -1.       0.71875] [ 0.75854999  0.75921518  0.25149089  0.76041442 -0.75081331]
Date                  Step    Loss_X    Loss_G    Loss_Z  Loss_PIN     kappa learning_rate
2017-12-08 12:17:03   2310     0.009    -0.172     0.009    11.346     0.001    11.346     0.040     0.026    11.168     0.072 0.00009117 
2017-12-08 12:17:04   2320     0.010    -0.172     0.010    11.219     0.001    11.219     0.039     0.024    11.044     0.072 0.00009114 
2017-12-08 12:17:05   2330     0.009    -0.113     0.009    11.093     0.001    11.093     0.042     0.025    10.979     0.072 0.00009110 
2017-12-08 12:17:05   2340     0.009    -0.182     0.009    11.535     0.001    11.535     0.040     0.025    11.350     0.072 0.00009106 
2017-12-08 12:17:06   2350     0.009    -0.106     0.009    11.606     0.001    11.606     0.039     0.025    11.493     0.072 0.00009103 
2017-12-08 12:17:07   2360     0.010    -0.175     0.010    11.946     0.001    11.946     0.039     0.024    11.763     0.072 0.00009099 
2017-12-08 12:17:08   2370     0.009    -0.176     0.009    11.522     0.001    11.522     0.041     0.026    11.343     0.072 0.00009096 
2017-12-08 12:17:09   2380     0.010    -0.083     0.010    11.966     0.001    11.966     0.038     0.025    11.882     0.072 0.00009092 
2017-12-08 12:17:10   2390     0.009    -0.187     0.009    11.993     0.001    11.993     0.039     0.025    11.803     0.072 0.00009088 
2017-12-08 12:17:11   2400     0.009    -0.178     0.009    12.096     0.001    12.096     0.039     0.024    11.915     0.072 0.00009085  Graphing
     0.58,   0.58,   0.55,   0.54,   0.29,   0.57,   0.66,   0.54,   0.53,   0.27
[-1.      -0.84375 -0.28125 -0.96875  0.78125] [ 0.75924349  0.75962365  0.26775891  0.76070148 -0.75259459]
Date                  Step    Loss_X    Loss_G    Loss_Z  Loss_PIN     kappa learning_rate
2017-12-08 12:17:14   2410     0.009    -0.179     0.009    12.172     0.001    12.172     0.039     0.023    11.994     0.072 0.00009081 
2017-12-08 12:17:15   2420     0.010    -0.116     0.010    11.786     0.001    11.786     0.040     0.025    11.665     0.072 0.00009077 
2017-12-08 12:17:16   2430     0.009    -0.108     0.009    11.910     0.001    11.910     0.040     0.025    11.797     0.072 0.00009074 
2017-12-08 12:17:17   2440     0.010    -0.117     0.010    11.956     0.001    11.956     0.037     0.025    11.837     0.072 0.00009070 
2017-12-08 12:17:18   2450     0.009    -0.191     0.009    12.010     0.001    12.010     0.040     0.025    11.818     0.072 0.00009066 
2017-12-08 12:17:19   2460     0.009    -0.183     0.009    11.812     0.001    11.812     0.040     0.025    11.628     0.072 0.00009063 
2017-12-08 12:17:20   2470     0.009    -0.110     0.009    11.964     0.001    11.964     0.039     0.025    11.853     0.072 0.00009059 
2017-12-08 12:17:21   2480     0.009    -0.185     0.009    12.156     0.001    12.156     0.041     0.025    11.978     0.072 0.00009056 
2017-12-08 12:17:22   2490     0.009    -0.185     0.009    12.371     0.001    12.371     0.039     0.024    12.192     0.072 0.00009052 
2017-12-08 12:17:23   2500     0.009    -0.194     0.009    12.035     0.001    12.035     0.040     0.026    11.835     0.072 0.00009048  Graphing
     0.56,   0.56,   0.55,   0.54,   0.29,   0.57,   0.66,   0.55,   0.55,   0.29
[-0.96875 -0.8125  -0.03125 -0.875    0.625  ] [ 0.75978565  0.75998056  0.26487285  0.76090235 -0.75436014]
Date                  Step    Loss_X    Loss_G    Loss_Z  Loss_PIN     kappa learning_rate
2017-12-08 12:17:26   2510     0.009    -0.195     0.009    12.300     0.001    12.300     0.041     0.026    12.103     0.072 0.00009045 
2017-12-08 12:17:26   2520     0.010    -0.196     0.010    12.619     0.001    12.619     0.041     0.025    12.430     0.072 0.00009041 
2017-12-08 12:17:28   2530     0.009    -0.196     0.009    12.402     0.001    12.402     0.039     0.025    12.203     0.072 0.00009038 
2017-12-08 12:17:29   2540     0.009    -0.189     0.009    12.655     0.001    12.655     0.040     0.024    12.464     0.072 0.00009034 
2017-12-08 12:17:30   2550     0.009    -0.190     0.009    12.451     0.001    12.451     0.039     0.024    12.263     0.072 0.00009030 
2017-12-08 12:17:31   2560     0.009    -0.190     0.009    13.000     0.001    13.000     0.041     0.024    12.818     0.072 0.00009027 
2017-12-08 12:17:32   2570     0.009    -0.190     0.009    12.763     0.001    12.763     0.038     0.024    12.571     0.072 0.00009023 
2017-12-08 12:17:33   2580     0.009    -0.191     0.009    12.836     0.001    12.836     0.042     0.024    12.650     0.072 0.00009019 
2017-12-08 12:17:34   2590     0.009    -0.192     0.009    12.906     0.001    12.906     0.041     0.025    12.715     0.072 0.00009016 
2017-12-08 12:17:35   2600     0.009    -0.077     0.009    12.774     0.001    12.774     0.040     0.025    12.698     0.072 0.00009012  Graphing
     0.57,   0.57,   0.55,   0.54,   0.29,   0.58,   0.67,   0.55,   0.55,   0.29
[-0.9375  -0.96875 -0.09375 -0.9375   0.625  ] [ 0.76019347  0.76025069  0.26566601  0.76106763 -0.75592184]
Date                  Step    Loss_X    Loss_G    Loss_Z  Loss_PIN     kappa learning_rate
2017-12-08 12:17:38   2610     0.009    -0.116     0.009    12.595     0.001    12.595     0.039     0.025    12.477     0.072 0.00009009 
2017-12-08 12:17:39   2620     0.009    -0.124     0.009    12.569     0.001    12.569     0.038     0.026    12.444     0.072 0.00009005 
2017-12-08 12:17:40   2630     0.009    -0.194     0.009    12.662     0.001    12.662     0.038     0.025    12.464     0.072 0.00009001 
2017-12-08 12:17:41   2640     0.008    -0.195     0.008    13.021     0.001    13.021     0.038     0.024    12.823     0.072 0.00008998 
2017-12-08 12:17:42   2650     0.009    -0.204     0.009    12.674     0.001    12.674     0.039     0.025    12.474     0.072 0.00008994 
2017-12-08 12:17:43   2660     0.009    -0.206     0.009    12.978     0.001    12.978     0.041     0.025    12.777     0.072 0.00008991 
2017-12-08 12:17:44   2670     0.008    -0.197     0.008    13.024     0.001    13.024     0.040     0.025    12.830     0.072 0.00008987 
2017-12-08 12:17:45   2680     0.008    -0.206     0.008    12.798     0.001    12.798     0.042     0.026    12.596     0.072 0.00008983 
2017-12-08 12:17:46   2690     0.008    -0.198     0.008    13.109     0.001    13.109     0.040     0.025    12.912     0.072 0.00008980 
2017-12-08 12:17:47   2700     0.008    -0.089     0.008    12.399     0.001    12.399     0.041     0.026    12.303     0.072 0.00008976  Graphing
     0.58,   0.58,   0.55,   0.54,   0.29,   0.58,   0.67,   0.55,   0.55,   0.29
[-0.9375  -0.78125  0.1875  -0.78125  0.53125] [ 0.76050401  0.76050782  0.27415615  0.76118284 -0.75681555]
Date                  Step    Loss_X    Loss_G    Loss_Z  Loss_PIN     kappa learning_rate
2017-12-08 12:17:50   2710     0.009    -0.106     0.009    13.142     0.001    13.142     0.042     0.025    13.039     0.072 0.00008973 
2017-12-08 12:17:51   2720     0.009    -0.119     0.009    13.097     0.001    13.097     0.040     0.024    12.980     0.072 0.00008969 
2017-12-08 12:17:52   2730     0.010    -0.210     0.010    12.758     0.001    12.758     0.043     0.026    12.550     0.072 0.00008966 
2017-12-08 12:17:53   2740     0.009    -0.211     0.009    13.185     0.001    13.185     0.041     0.025    12.973     0.072 0.00008962 
2017-12-08 12:17:54   2750     0.008    -0.120     0.008    13.064     0.001    13.064     0.040     0.025    12.947     0.072 0.00008958 
2017-12-08 12:17:55   2760     0.008    -0.212     0.008    13.457     0.000    13.457     0.040     0.024    13.251     0.072 0.00008955 
2017-12-08 12:17:56   2770     0.008    -0.130     0.008    13.218     0.000    13.218     0.042     0.026    13.088     0.072 0.00008951 
2017-12-08 12:17:57   2780     0.009    -0.098     0.009    13.223     0.001    13.223     0.041     0.025    13.129     0.072 0.00008948 
2017-12-08 12:17:58   2790     0.009    -0.205     0.009    13.793     0.001    13.793     0.043     0.025    13.592     0.072 0.00008944 
2017-12-08 12:17:59   2800     0.009    -0.205     0.009    13.633     0.001    13.633     0.041     0.024    13.436     0.072 0.00008940  Graphing
     0.57,   0.57,   0.55,   0.54,   0.29,   0.56,   0.65,   0.54,   0.54,   0.29
[-0.90625 -0.84375 -0.46875 -0.96875  0.78125] [ 0.76073509  0.76070178  0.29438999  0.76127458 -0.75765371]
Date                  Step    Loss_X    Loss_G    Loss_Z  Loss_PIN     kappa learning_rate
2017-12-08 12:18:01   2810     0.009    -0.132     0.009    13.755     0.001    13.755     0.039     0.026    13.623     0.072 0.00008937 
2017-12-08 12:18:02   2820     0.009    -0.133     0.009    13.194     0.001    13.194     0.039     0.026    13.062     0.072 0.00008933 
2017-12-08 12:18:03   2830     0.009    -0.208     0.009    13.532     0.000    13.532     0.041     0.025    13.323     0.072 0.00008930 
2017-12-08 12:18:04   2840     0.009    -0.218     0.009    13.725     0.001    13.725     0.042     0.025    13.512     0.072 0.00008926 
2017-12-08 12:18:05   2850     0.009    -0.209     0.009    13.739     0.001    13.739     0.042     0.025    13.536     0.072 0.00008923 
2017-12-08 12:18:06   2860     0.009    -0.218     0.009    13.633     0.001    13.633     0.042     0.026    13.420     0.072 0.00008919 
2017-12-08 12:18:07   2870     0.008    -0.220     0.008    14.179     0.000    14.179     0.042     0.025    13.966     0.072 0.00008915 
2017-12-08 12:18:09   2880     0.009    -0.221     0.009    13.470     0.000    13.470     0.041     0.025    13.252     0.072 0.00008912 
2017-12-08 12:18:10   2890     0.009    -0.222     0.009    13.712     0.000    13.712     0.043     0.026    13.493     0.072 0.00008908 
2017-12-08 12:18:11   2900     0.009    -0.113     0.009    13.656     0.001    13.656     0.041     0.025    13.546     0.072 0.00008905  Graphing
     0.55,   0.55,   0.55,   0.54,   0.29,   0.57,   0.66,   0.56,   0.56,   0.29
[-0.875   -0.84375 -0.25    -0.90625  0.65625] [ 0.76092112  0.76086068  0.30706713  0.76134926 -0.75836647]
Date                  Step    Loss_X    Loss_G    Loss_Z  Loss_PIN     kappa learning_rate
2017-12-08 12:18:13   2910     0.008    -0.213     0.008    13.977     0.000    13.977     0.043     0.026    13.769     0.072 0.00008901 
2017-12-08 12:18:14   2920     0.009    -0.214     0.009    14.177     0.001    14.177     0.041     0.024    13.967     0.072 0.00008898 
2017-12-08 12:18:15   2930     0.009    -0.215     0.009    13.787     0.001    13.787     0.044     0.026    13.579     0.072 0.00008894 
2017-12-08 12:18:16   2940     0.009    -0.138     0.009    13.515     0.001    13.515     0.043     0.026    13.383     0.072 0.00008891 
2017-12-08 12:18:17   2950     0.008    -0.215     0.008    14.177     0.000    14.177     0.042     0.024    13.968     0.072 0.00008887 
2017-12-08 12:18:18   2960     0.009    -0.227     0.009    14.270     0.001    14.270     0.042     0.025    14.048     0.072 0.00008883 
2017-12-08 12:18:19   2970     0.009    -0.227     0.009    13.979     0.001    13.979     0.041     0.026    13.760     0.072 0.00008880 
2017-12-08 12:18:20   2980     0.009    -0.217     0.009    14.419     0.001    14.419     0.041     0.025    14.202     0.072 0.00008876 
2017-12-08 12:18:21   2990     0.009    -0.105     0.009    14.204     0.001    14.204     0.041     0.024    14.105     0.072 0.00008873 
2017-12-08 12:18:22   3000     0.009    -0.230     0.009    14.481     0.001    14.481     0.042     0.026    14.259     0.072 0.00008869  Graphing
     0.54,   0.54,   0.55,   0.54,   0.29,   0.56,   0.65,   0.56,   0.55,   0.29
[-1.      -0.90625 -0.21875 -0.96875  0.65625] [ 0.76105863  0.76098335  0.30830124  0.76140118 -0.75882906]
Date                  Step    Loss_X    Loss_G    Loss_Z  Loss_PIN     kappa learning_rate
2017-12-08 12:18:25   3010     0.008    -0.017     0.008    14.095     0.000    14.095     0.042     0.026    14.083     0.072 0.00008866 
2017-12-08 12:18:26   3020     0.009    -0.098     0.009    13.982     0.001    13.982     0.040     0.025    13.887     0.072 0.00008862 
2017-12-08 12:18:27   3030     0.009    -0.221     0.009    14.243     0.000    14.243     0.041     0.025    14.028     0.072 0.00008859 
2017-12-08 12:18:28   3040     0.009    -0.221     0.009    14.784     0.000    14.784     0.040     0.025    14.568     0.072 0.00008855 
2017-12-08 12:18:29   3050     0.009    -0.223     0.009    14.456     0.001    14.456     0.041     0.026    14.238     0.072 0.00008851 
2017-12-08 12:18:30   3060     0.008    -0.233     0.008    14.642     0.000    14.642     0.042     0.026    14.414     0.072 0.00008848 
2017-12-08 12:18:31   3070     0.009    -0.234     0.009    14.055     0.001    14.055     0.043     0.026    13.827     0.072 0.00008844 
2017-12-08 12:18:32   3080     0.008    -0.223     0.008    14.666     0.000    14.666     0.042     0.025    14.447     0.072 0.00008841 
2017-12-08 12:18:33   3090     0.008    -0.225     0.008    14.802     0.000    14.802     0.042     0.025    14.583     0.072 0.00008837 
2017-12-08 12:18:34   3100     0.009    -0.226     0.009    14.425     0.000    14.425     0.044     0.026    14.207     0.072 0.00008834  Graphing
     0.55,   0.55,   0.55,   0.54,   0.29,   0.56,   0.65,   0.55,   0.55,   0.29
[-0.96875 -0.875   -0.1875  -0.84375  0.625  ] [ 0.76117146  0.7610839   0.31028146  0.76144063 -0.75928915]
Date                  Step    Loss_X    Loss_G    Loss_Z  Loss_PIN     kappa learning_rate
2017-12-08 12:18:36   3110     0.009    -0.236     0.009    14.478     0.000    14.478     0.043     0.027    14.245     0.072 0.00008830 
2017-12-08 12:18:37   3120     0.009    -0.144     0.009    14.147     0.001    14.147     0.043     0.027    14.008     0.072 0.00008827 
2017-12-08 12:18:38   3130     0.009    -0.092     0.009    15.054     0.000    15.054     0.041     0.025    14.968     0.072 0.00008823 
2017-12-08 12:18:40   3140     0.009    -0.145     0.009    14.704     0.000    14.704     0.044     0.026    14.564     0.072 0.00008820 
2017-12-08 12:18:41   3150     0.008    -0.229     0.008    14.894     0.000    14.894     0.043     0.026    14.670     0.072 0.00008816 
2017-12-08 12:18:42   3160     0.009    -0.240     0.009    15.231     0.000    15.231     0.042     0.025    14.996     0.072 0.00008813 
2017-12-08 12:18:43   3170     0.008    -0.119     0.008    14.915     0.000    14.915     0.044     0.026    14.797     0.072 0.00008809 
2017-12-08 12:18:44   3180     0.010    -0.093     0.010    14.954     0.000    14.954     0.042     0.025    14.866     0.072 0.00008806 
2017-12-08 12:18:45   3190     0.009    -0.109     0.009    14.822     0.000    14.822     0.045     0.027    14.719     0.072 0.00008802 
2017-12-08 12:18:46   3200     0.009    -0.110     0.009    15.256     0.000    15.256     0.044     0.026    15.152     0.072 0.00008799  Graphing
     0.55,   0.55,   0.55,   0.54,   0.29,   0.55,   0.64,   0.54,   0.54,   0.28
[-0.9375  -0.9375  -0.21875 -0.9375   0.75   ] [ 0.76125765  0.76116365  0.31163871  0.76147383 -0.75969279]
Date                  Step    Loss_X    Loss_G    Loss_Z  Loss_PIN     kappa learning_rate
2017-12-08 12:18:49   3210     0.009    -0.243     0.009    14.743     0.001    14.743     0.042     0.026    14.502     0.072 0.00008795 
2017-12-08 12:18:50   3220     0.009    -0.244     0.009    15.544     0.000    15.544     0.042     0.025    15.306     0.072 0.00008791 
2017-12-08 12:18:51   3230     0.008    -0.115     0.008    14.719     0.000    14.719     0.043     0.026    14.610     0.072 0.00008788 
2017-12-08 12:18:52   3240     0.010    -0.245     0.010    14.929     0.001    14.929     0.041     0.026    14.689     0.072 0.00008784 
2017-12-08 12:18:53   3250     0.008    -0.246     0.008    14.632     0.000    14.632     0.042     0.025    14.392     0.072 0.00008781 
2017-12-08 12:18:54   3260     0.008    -0.246     0.008    15.706     0.000    15.706     0.041     0.024    15.466     0.072 0.00008777 
2017-12-08 12:18:55   3270     0.008    -0.150     0.008    15.032     0.000    15.032     0.043     0.026    14.889     0.072 0.00008774 
2017-12-08 12:18:56   3280     0.009    -0.151     0.009    14.908     0.000    14.908     0.043     0.026    14.764     0.072 0.00008770 
2017-12-08 12:18:57   3290     0.009    -0.237     0.009    15.084     0.000    15.084     0.042     0.025    14.853     0.072 0.00008767 
2017-12-08 12:18:58   3300     0.008    -0.117     0.008    15.277     0.000    15.277     0.042     0.025    15.164     0.072 0.00008763  Graphing
     0.58,   0.58,   0.55,   0.54,   0.29,   0.57,   0.67,   0.54,   0.54,   0.28
[-0.96875 -0.90625 -0.125   -0.875    0.625  ] [ 0.7613225   0.76123726  0.32513946  0.76149833 -0.7599802 ]
Date                  Step    Loss_X    Loss_G    Loss_Z  Loss_PIN     kappa learning_rate
2017-12-08 12:19:01   3310     0.008    -0.112     0.008    15.044     0.001    15.044     0.042     0.026    14.937     0.072 0.00008760 
2017-12-08 12:19:02   3320     0.009    -0.239     0.009    14.987     0.000    14.987     0.043     0.026    14.754     0.072 0.00008756 
2017-12-08 12:19:03   3330     0.009    -0.251     0.009    15.639     0.000    15.639     0.043     0.027    15.395     0.072 0.00008753 
2017-12-08 12:19:04   3340     0.009    -0.141     0.009    15.534     0.000    15.534     0.042     0.026    15.398     0.072 0.00008749 
2017-12-08 12:19:05   3350     0.009    -0.252     0.009    15.967     0.000    15.967     0.044     0.026    15.723     0.072 0.00008746 
2017-12-08 12:19:06   3360     0.009    -0.241     0.009    15.105     0.000    15.105     0.044     0.026    14.871     0.072 0.00008742 
2017-12-08 12:19:07   3370     0.009    -0.253     0.009    16.055     0.000    16.055     0.043     0.026    15.806     0.072 0.00008739 
2017-12-08 12:19:08   3380     0.010    -0.130     0.010    15.594     0.001    15.594     0.042     0.025    15.470     0.072 0.00008735 
2017-12-08 12:19:09   3390     0.008    -0.143     0.008    15.539     0.000    15.539     0.044     0.027    15.401     0.072 0.00008732 
2017-12-08 12:19:11   3400     0.008    -0.255     0.008    16.238     0.000    16.238     0.043     0.025    15.989     0.072 0.00008728  Graphing
     0.57,   0.57,   0.55,   0.54,   0.29,   0.57,   0.66,   0.54,   0.54,   0.28
[-1.      -0.90625 -0.1875  -0.96875  0.8125 ] [ 0.76137453  0.76129389  0.33260792  0.76151764 -0.76026654]
Date                  Step    Loss_X    Loss_G    Loss_Z  Loss_PIN     kappa learning_rate
2017-12-08 12:19:13   3410     0.008    -0.245     0.008    15.705     0.000    15.705     0.043     0.026    15.465     0.072 0.00008725 
2017-12-08 12:19:14   3420     0.009    -0.245     0.009    15.929     0.000    15.929     0.044     0.027    15.689     0.072 0.00008721 
2017-12-08 12:19:15   3430     0.008    -0.156     0.008    15.883     0.000    15.883     0.044     0.027    15.733     0.072 0.00008718 
2017-12-08 12:19:16   3440     0.008    -0.258     0.008    15.854     0.000    15.854     0.043     0.025    15.602     0.072 0.00008714 
2017-12-08 12:19:17   3450     0.008    -0.258     0.008    15.922     0.000    15.922     0.045     0.026    15.668     0.072 0.00008711 
2017-12-08 12:19:18   3460     0.009    -0.259     0.009    16.500     0.001    16.500     0.051     0.026    16.250     0.072 0.00008708 
2017-12-08 12:19:19   3470     0.009    -0.260     0.009    15.994     0.001    15.994     0.043     0.026    15.738     0.072 0.00008704 
2017-12-08 12:19:20   3480     0.008    -0.146     0.008    15.796     0.000    15.796     0.044     0.026    15.657     0.072 0.00008701 
2017-12-08 12:19:21   3490     0.009    -0.249     0.009    15.738     0.000    15.738     0.045     0.026    15.494     0.072 0.00008697 
2017-12-08 12:19:23   3500     0.009    -0.250     0.009    15.726     0.001    15.726     0.043     0.025    15.481     0.072 0.00008694  Graphing
     0.59,   0.59,   0.55,   0.54,   0.29,   0.58,   0.67,   0.53,   0.53,   0.27
[-0.9375  -0.90625 -0.03125 -0.8125   0.59375] [ 0.76141763  0.76134461  0.34631932  0.76153404 -0.76047188]
Date                  Step    Loss_X    Loss_G    Loss_Z  Loss_PIN     kappa learning_rate
2017-12-08 12:19:25   3510     0.008    -0.263     0.008    16.503     0.000    16.503     0.044     0.027    16.247     0.072 0.00008690 
2017-12-08 12:19:26   3520     0.008    -0.113     0.008    15.648     0.000    15.648     0.044     0.027    15.540     0.072 0.00008687 
2017-12-08 12:19:27   3530     0.008    -0.147     0.008    16.222     0.000    16.222     0.041     0.026    16.080     0.072 0.00008683 
2017-12-08 12:19:28   3540     0.008    -0.264     0.008    16.665     0.000    16.665     0.042     0.025    16.403     0.072 0.00008680 
2017-12-08 12:19:29   3550     0.009    -0.032     0.009    15.815     0.000    15.815     0.044     0.025    15.786     0.072 0.00008676 
2017-12-08 12:19:30   3560     0.008    -0.265     0.008    16.317     0.000    16.317     0.043     0.026    16.057     0.072 0.00008673 
2017-12-08 12:19:31   3570     0.008    -0.254     0.008    16.077     0.000    16.077     0.044     0.026    15.831     0.072 0.00008669 
2017-12-08 12:19:32   3580     0.009    -0.267     0.009    15.961     0.000    15.961     0.044     0.026    15.701     0.072 0.00008666 
2017-12-08 12:19:33   3590     0.009    -0.268     0.009    16.737     0.000    16.737     0.045     0.025    16.476     0.072 0.00008662 
2017-12-08 12:19:34   3600     0.008    -0.256     0.008    17.177     0.000    17.177     0.044     0.025    16.927     0.072 0.00008659  Graphing
     0.58,   0.58,   0.55,   0.54,   0.29,   0.58,   0.67,   0.54,   0.54,   0.28
[-1.      -1.      -0.375   -0.96875  0.78125] [ 0.7614519   0.76138663  0.37488431  0.76154572 -0.76063681]
Date                  Step    Loss_X    Loss_G    Loss_Z  Loss_PIN     kappa learning_rate
2017-12-08 12:19:36   3610     0.009    -0.256     0.009    15.966     0.000    15.966     0.044     0.026    15.717     0.072 0.00008655 
2017-12-08 12:19:37   3620     0.008    -0.256     0.008    16.551     0.000    16.551     0.044     0.026    16.301     0.072 0.00008652 
2017-12-08 12:19:39   3630     0.009    -0.150     0.009    16.318     0.001    16.318     0.046     0.027    16.175     0.072 0.00008648 
2017-12-08 12:19:40   3640     0.009    -0.258     0.009    17.040     0.000    17.040     0.042     0.025    16.789     0.072 0.00008645 
2017-12-08 12:19:41   3650     0.008    -0.258     0.008    16.979     0.000    16.979     0.045     0.026    16.729     0.072 0.00008642 
2017-12-08 12:19:42   3660     0.009    -0.272     0.009    16.540     0.000    16.540     0.045     0.026    16.275     0.072 0.00008638 
2017-12-08 12:19:43   3670     0.009    -0.259     0.009    16.676     0.000    16.676     0.047     0.027    16.426     0.072 0.00008635 
2017-12-08 12:19:44   3680     0.008    -0.260     0.008    17.025     0.000    17.025     0.043     0.025    16.773     0.072 0.00008631 
2017-12-08 12:19:45   3690     0.008    -0.275     0.008    16.766     0.000    16.766     0.045     0.026    16.498     0.072 0.00008628 
2017-12-08 12:19:46   3700     0.009    -0.275     0.009    17.279     0.000    17.279     0.042     0.026    17.011     0.072 0.00008624  Graphing
     0.59,   0.59,   0.55,   0.54,   0.29,   0.60,   0.68,   0.56,   0.56,   0.30
[-1.      -0.90625 -0.21875 -0.96875  0.75   ] [ 0.76147908  0.76142341  0.39167985  0.76155478 -0.76079166]
Date                  Step    Loss_X    Loss_G    Loss_Z  Loss_PIN     kappa learning_rate
2017-12-08 12:19:48   3710     0.009    -0.262     0.009    17.211     0.000    17.211     0.045     0.025    16.956     0.072 0.00008621 
2017-12-08 12:19:49   3720     0.008    -0.276     0.008    16.858     0.000    16.858     0.044     0.026    16.589     0.072 0.00008617 
2017-12-08 12:19:51   3730     0.008    -0.143     0.008    16.951     0.000    16.951     0.043     0.025    16.814     0.072 0.00008614 
2017-12-08 12:19:52   3740     0.008    -0.263     0.008    17.159     0.000    17.159     0.046     0.026    16.902     0.072 0.00008611 
2017-12-08 12:19:53   3750     0.008    -0.121     0.008    16.667     0.000    16.667     0.045     0.026    16.553     0.072 0.00008607 
2017-12-08 12:19:54   3760     0.008    -0.264     0.008    17.244     0.000    17.244     0.046     0.026    16.987     0.072 0.00008604 
2017-12-08 12:19:55   3770     0.008    -0.130     0.008    17.347     0.000    17.347     0.045     0.025    17.225     0.072 0.00008600 
2017-12-08 12:19:56   3780     0.008    -0.107     0.008    16.899     0.000    16.899     0.044     0.026    16.799     0.072 0.00008597 
2017-12-08 12:19:57   3790     0.008    -0.281     0.008    16.823     0.000    16.823     0.045     0.025    16.549     0.072 0.00008593 
2017-12-08 12:19:58   3800     0.008    -0.170     0.008    17.222     0.000    17.222     0.043     0.026    17.058     0.072 0.00008590  Graphing
     0.58,   0.58,   0.55,   0.54,   0.29,   0.58,   0.67,   0.54,   0.54,   0.28
[-0.9375  -0.9375  -0.03125 -0.9375   0.625  ] [ 0.76150119  0.76145023  0.41163874  0.76156229 -0.7609244 ]
Date                  Step    Loss_X    Loss_G    Loss_Z  Loss_PIN     kappa learning_rate
2017-12-08 12:20:00   3810     0.008    -0.123     0.008    17.189     0.000    17.189     0.045     0.026    17.070     0.072 0.00008586 
2017-12-08 12:20:01   3820     0.009    -0.283     0.009    16.800     0.000    16.800     0.045     0.027    16.523     0.072 0.00008583 
2017-12-08 12:20:02   3830     0.008    -0.268     0.008    17.444     0.000    17.444     0.047     0.027    17.185     0.072 0.00008580 
2017-12-08 12:20:03   3840     0.009    -0.284     0.009    17.232     0.000    17.232     0.045     0.026    16.955     0.072 0.00008576 
2017-12-08 12:20:04   3850     0.008    -0.270     0.008    17.599     0.000    17.599     0.047     0.026    17.336     0.072 0.00008573 
2017-12-08 12:20:05   3860     0.009    -0.285     0.009    17.298     0.000    17.298     0.046     0.026    17.019     0.072 0.00008569 
2017-12-08 12:20:06   3870     0.008    -0.285     0.008    17.784     0.000    17.784     0.047     0.026    17.506     0.072 0.00008566 
2017-12-08 12:20:07   3880     0.008    -0.173     0.008    17.107     0.000    17.107     0.045     0.027    16.940     0.072 0.00008562 
2017-12-08 12:20:08   3890     0.009    -0.272     0.009    17.111     0.000    17.111     0.046     0.026    16.846     0.072 0.00008559 
2017-12-08 12:20:09   3900     0.008    -0.125     0.008    17.592     0.000    17.592     0.046     0.026    17.474     0.072 0.00008556  Graphing
     0.57,   0.57,   0.55,   0.54,   0.29,   0.57,   0.66,   0.55,   0.54,   0.28
[-0.96875 -0.875   -0.09375 -0.96875  0.625  ] [ 0.76151824  0.76147413  0.41642946  0.76156801 -0.76100987]
Date                  Step    Loss_X    Loss_G    Loss_Z  Loss_PIN     kappa learning_rate
2017-12-08 12:20:12   3910     0.009    -0.273     0.009    17.544     0.000    17.544     0.048     0.027    17.278     0.072 0.00008552 
2017-12-08 12:20:13   3920     0.008    -0.288     0.008    17.310     0.000    17.310     0.046     0.025    17.028     0.072 0.00008549 
2017-12-08 12:20:14   3930     0.008    -0.274     0.008    18.101     0.000    18.101     0.048     0.027    17.834     0.072 0.00008545 
2017-12-08 12:20:15   3940     0.008    -0.289     0.008    17.707     0.000    17.707     0.046     0.026    17.425     0.072 0.00008542 
2017-12-08 12:20:16   3950     0.009    -0.160     0.009    17.104     0.000    17.104     0.046     0.026    16.950     0.072 0.00008538 
2017-12-08 12:20:17   3960     0.009    -0.127     0.009    17.368     0.001    17.368     0.046     0.026    17.247     0.072 0.00008535 
2017-12-08 12:20:18   3970     0.008    -0.291     0.008    18.056     0.000    18.056     0.046     0.025    17.772     0.072 0.00008532 
2017-12-08 12:20:19   3980     0.008    -0.292     0.008    17.899     0.000    17.899     0.046     0.026    17.615     0.072 0.00008528 
2017-12-08 12:20:20   3990     0.009    -0.152     0.009    17.666     0.000    17.666     0.043     0.025    17.519     0.072 0.00008525 
2017-12-08 12:20:21   4000     0.008    -0.278     0.008    18.063     0.000    18.063     0.043     0.026    17.791     0.072 0.00008521  Graphing
     0.58,   0.58,   0.55,   0.54,   0.29,   0.60,   0.68,   0.56,   0.56,   0.30
[-1.      -0.75    -0.28125 -0.96875  0.78125] [ 0.76153201  0.76149309  0.43211758  0.76157326 -0.7610935 ]
Date                  Step    Loss_X    Loss_G    Loss_Z  Loss_PIN     kappa learning_rate
2017-12-08 12:20:24   4010     0.008    -0.128     0.008    17.534     0.000    17.534     0.044     0.026    17.413     0.072 0.00008518 
2017-12-08 12:20:25   4020     0.008    -0.137     0.008    17.665     0.000    17.665     0.045     0.026    17.534     0.072 0.00008515 
2017-12-08 12:20:26   4030     0.008    -0.029     0.008    17.958     0.000    17.958     0.044     0.024    17.934     0.072 0.00008511 
2017-12-08 12:20:27   4040     0.009    -0.295     0.009    17.671     0.000    17.671     0.044     0.025    17.381     0.072 0.00008508 
2017-12-08 12:20:28   4050     0.009    -0.280     0.009    18.650     0.000    18.650     0.046     0.025    18.378     0.072 0.00008504 
2017-12-08 12:20:29   4060     0.008    -0.281     0.008    18.071     0.000    18.071     0.043     0.025    17.797     0.072 0.00008501 
2017-12-08 12:20:30   4070     0.009    -0.281     0.009    18.257     0.000    18.257     0.046     0.025    17.983     0.072 0.00008498 
2017-12-08 12:20:31   4080     0.008    -0.282     0.008    18.127     0.000    18.127     0.045     0.026    17.850     0.072 0.00008494 
2017-12-08 12:20:32   4090     0.008    -0.155     0.008    17.839     0.000    17.839     0.048     0.027    17.691     0.072 0.00008491 
2017-12-08 12:20:33   4100     0.007    -0.155     0.007    18.562     0.000    18.562     0.045     0.025    18.412     0.072 0.00008487  Graphing
     0.58,   0.58,   0.55,   0.54,   0.29,   0.58,   0.67,   0.55,   0.54,   0.28
[-1.      -0.90625 -0.21875 -0.90625  0.78125] [ 0.76154327  0.76150829  0.44591057  0.76157659 -0.76116323]
Date                  Step    Loss_X    Loss_G    Loss_Z  Loss_PIN     kappa learning_rate
2017-12-08 12:20:36   4110     0.009    -0.300     0.009    17.888     0.000    17.888     0.046     0.026    17.594     0.072 0.00008484 
2017-12-08 12:20:37   4120     0.008    -0.300     0.008    18.715     0.000    18.715     0.046     0.026    18.421     0.072 0.00008481 
2017-12-08 12:20:38   4130     0.008    -0.284     0.008    17.981     0.000    17.981     0.046     0.026    17.702     0.072 0.00008477 
2017-12-08 12:20:39   4140     0.009    -0.301     0.009    17.909     0.000    17.909     0.043     0.025    17.613     0.072 0.00008474 
2017-12-08 12:20:40   4150     0.009    -0.285     0.009    18.045     0.000    18.045     0.046     0.026    17.766     0.072 0.00008470 
2017-12-08 12:20:41   4160     0.008    -0.303     0.008    18.275     0.000    18.275     0.046     0.026    17.978     0.072 0.00008467 
2017-12-08 12:20:42   4170     0.007    -0.286     0.007    17.990     0.000    17.990     0.046     0.026    17.710     0.072 0.00008464 
2017-12-08 12:20:43   4180     0.008    -0.304     0.008    18.936     0.000    18.936     0.043     0.025    18.638     0.072 0.00008460 
2017-12-08 12:20:44   4190     0.007    -0.159     0.007    18.482     0.000    18.482     0.045     0.026    18.329     0.072 0.00008457 
2017-12-08 12:20:45   4200     0.008    -0.185     0.008    18.222     0.000    18.222     0.046     0.026    18.043     0.072 0.00008454  Graphing
     0.57,   0.57,   0.55,   0.54,   0.29,   0.56,   0.65,   0.54,   0.54,   0.28
[-1.      -0.90625 -0.03125 -0.875    0.5    ] [ 0.7615518   0.76152146  0.46958622  0.76157975 -0.76121837]
Date                  Step    Loss_X    Loss_G    Loss_Z  Loss_PIN     kappa learning_rate
2017-12-08 12:20:48   4210     0.008    -0.288     0.008    18.668     0.000    18.668     0.047     0.026    18.387     0.072 0.00008450 
2017-12-08 12:20:49   4220     0.008    -0.306     0.008    18.564     0.000    18.564     0.047     0.026    18.265     0.072 0.00008447 
2017-12-08 12:20:50   4230     0.008    -0.307     0.008    18.282     0.000    18.282     0.046     0.026    17.981     0.072 0.00008443 
2017-12-08 12:20:51   4240     0.008    -0.168     0.008    18.753     0.000    18.753     0.050     0.027    18.591     0.072 0.00008440 
2017-12-08 12:20:52   4250     0.007    -0.186     0.007    18.614     0.000    18.614     0.046     0.025    18.433     0.072 0.00008437 
2017-12-08 12:20:53   4260     0.008    -0.187     0.008    18.798     0.000    18.798     0.046     0.025    18.616     0.072 0.00008433 
2017-12-08 12:20:54   4270     0.008    -0.169     0.008    18.623     0.000    18.623     0.050     0.026    18.461     0.072 0.00008430 
2017-12-08 12:20:55   4280     0.008    -0.310     0.008    19.221     0.000    19.221     0.045     0.025    18.918     0.072 0.00008427 
2017-12-08 12:20:56   4290     0.008    -0.310     0.008    18.744     0.000    18.744     0.048     0.026    18.439     0.072 0.00008423 
2017-12-08 12:20:57   4300     0.008    -0.293     0.008    18.836     0.000    18.836     0.049     0.025    18.550     0.072 0.00008420  Graphing
     0.55,   0.55,   0.55,   0.54,   0.29,   0.55,   0.64,   0.54,   0.54,   0.28
[-0.96875 -0.8125  -0.21875 -0.9375   0.6875 ] [ 0.76155931  0.76153249  0.48552722  0.76158172 -0.76126176]
Date                  Step    Loss_X    Loss_G    Loss_Z  Loss_PIN     kappa learning_rate
2017-12-08 12:21:00   4310     0.009    -0.189     0.009    18.982     0.000    18.982     0.047     0.026    18.800     0.072 0.00008416 
2017-12-08 12:21:01   4320     0.008    -0.294     0.008    19.331     0.000    19.331     0.047     0.027    19.043     0.072 0.00008413 
2017-12-08 12:21:02   4330     0.008    -0.313     0.008    18.628     0.000    18.628     0.048     0.026    18.322     0.072 0.00008410 
2017-12-08 12:21:03   4340     0.008    -0.295     0.008    19.162     0.000    19.162     0.047     0.026    18.873     0.072 0.00008406 
2017-12-08 12:21:04   4350     0.008    -0.295     0.008    18.848     0.000    18.848     0.048     0.027    18.559     0.072 0.00008403 
2017-12-08 12:21:05   4360     0.008    -0.314     0.008    18.519     0.000    18.519     0.049     0.027    18.211     0.072 0.00008400 
2017-12-08 12:21:06   4370     0.008    -0.315     0.008    19.400     0.000    19.400     0.047     0.024    19.092     0.072 0.00008396 
2017-12-08 12:21:07   4380     0.008    -0.164     0.008    19.273     0.000    19.273     0.047     0.026    19.114     0.072 0.00008393 
2017-12-08 12:21:08   4390     0.008    -0.316     0.008    18.786     0.000    18.786     0.047     0.026    18.475     0.072 0.00008390 
2017-12-08 12:21:10   4400     0.009    -0.173     0.009    19.321     0.000    19.321     0.046     0.026    19.155     0.072 0.00008386  Graphing
     0.55,   0.55,   0.55,   0.54,   0.29,   0.56,   0.65,   0.56,   0.56,   0.30
[-0.96875 -0.875   -0.0625  -0.9375   0.71875] [ 0.76156598  0.76154232  0.49858466  0.76158458 -0.76130331]
Date                  Step    Loss_X    Loss_G    Loss_Z  Loss_PIN     kappa learning_rate
2017-12-08 12:21:12   4410     0.008    -0.317     0.008    19.132     0.000    19.132     0.045     0.025    18.820     0.072 0.00008383 
2017-12-08 12:21:13   4420     0.008    -0.318     0.008    19.395     0.000    19.395     0.047     0.025    19.084     0.072 0.00008379 
2017-12-08 12:21:14   4430     0.008    -0.318     0.008    19.093     0.000    19.093     0.048     0.026    18.780     0.072 0.00008376 
2017-12-08 12:21:15   4440     0.007    -0.299     0.007    19.519     0.000    19.519     0.046     0.025    19.225     0.072 0.00008373 
2017-12-08 12:21:16   4450     0.008    -0.320     0.008    19.284     0.000    19.284     0.046     0.026    18.970     0.072 0.00008369 
2017-12-08 12:21:17   4460     0.008    -0.194     0.008    19.013     0.000    19.013     0.046     0.025    18.824     0.072 0.00008366 
2017-12-08 12:21:18   4470     0.007    -0.301     0.007    19.597     0.000    19.597     0.048     0.025    19.301     0.072 0.00008363 
2017-12-08 12:21:20   4480     0.008    -0.142     0.008    18.973     0.000    18.973     0.045     0.026    18.836     0.072 0.00008359 
2017-12-08 12:21:21   4490     0.008    -0.302     0.008    19.187     0.000    19.187     0.049     0.026    18.891     0.072 0.00008356 
2017-12-08 12:21:22   4500     0.008    -0.322     0.008    19.781     0.000    19.781     0.047     0.025    19.464     0.072 0.00008353  Graphing
     0.56,   0.56,   0.55,   0.54,   0.29,   0.55,   0.64,   0.54,   0.54,   0.28
[-0.9375  -0.9375  -0.3125  -0.90625  0.75   ] [ 0.76157027  0.76155078  0.50918156  0.76158553 -0.76134491]
Date                  Step    Loss_X    Loss_G    Loss_Z  Loss_PIN     kappa learning_rate
2017-12-08 12:21:24   4510     0.007    -0.323     0.007    19.764     0.000    19.764     0.047     0.025    19.446     0.072 0.00008349 
2017-12-08 12:21:25   4520     0.007    -0.196     0.007    19.555     0.000    19.555     0.048     0.025    19.365     0.072 0.00008346 
2017-12-08 12:21:26   4530     0.008    -0.304     0.008    19.929     0.000    19.929     0.048     0.026    19.631     0.072 0.00008343 
2017-12-08 12:21:27   4540     0.009    -0.325     0.009    19.518     0.000    19.518     0.046     0.026    19.198     0.072 0.00008339 
2017-12-08 12:21:28   4550     0.008    -0.325     0.008    19.488     0.000    19.488     0.046     0.025    19.167     0.072 0.00008336 
2017-12-08 12:21:29   4560     0.008    -0.306     0.008    20.042     0.000    20.042     0.047     0.025    19.742     0.072 0.00008333 
2017-12-08 12:21:30   4570     0.007    -0.327     0.007    19.193     0.000    19.193     0.048     0.027    18.872     0.072 0.00008329 
2017-12-08 12:21:31   4580     0.008    -0.042     0.008    19.769     0.000    19.769     0.047     0.026    19.732     0.072 0.00008326 
2017-12-08 12:21:32   4590     0.008    -0.307     0.008    20.440     0.000    20.440     0.047     0.026    20.138     0.072 0.00008323 
2017-12-08 12:21:33   4600     0.008    -0.308     0.008    19.545     0.000    19.545     0.047     0.025    19.242     0.072 0.00008319  Graphing
     0.59,   0.59,   0.55,   0.54,   0.29,   0.58,   0.67,   0.54,   0.54,   0.27
[-0.96875 -0.84375 -0.1875  -0.84375  0.65625] [ 0.76157421  0.76155752  0.51770467  0.76158786 -0.76137906]
Date                  Step    Loss_X    Loss_G    Loss_Z  Loss_PIN     kappa learning_rate
2017-12-08 12:21:36   4610     0.008    -0.308     0.008    19.466     0.000    19.466     0.047     0.026    19.162     0.072 0.00008316 
2017-12-08 12:21:37   4620     0.008    -0.329     0.008    19.853     0.000    19.853     0.045     0.026    19.529     0.072 0.00008313 
2017-12-08 12:21:38   4630     0.008    -0.330     0.008    20.534     0.000    20.534     0.046     0.026    20.207     0.072 0.00008309 
2017-12-08 12:21:39   4640     0.007    -0.330     0.007    20.088     0.000    20.088     0.047     0.026    19.763     0.072 0.00008306 
2017-12-08 12:21:40   4650     0.009    -0.310     0.009    19.472     0.000    19.472     0.048     0.026    19.168     0.072 0.00008303 
2017-12-08 12:21:41   4660     0.008    -0.332     0.008    20.241     0.000    20.241     0.047     0.025    19.915     0.072 0.00008299 
2017-12-08 12:21:42   4670     0.008    -0.332     0.008    19.893     0.000    19.893     0.049     0.026    19.566     0.072 0.00008296 
2017-12-08 12:21:43   4680     0.007    -0.333     0.007    20.215     0.000    20.215     0.046     0.025    19.887     0.072 0.00008293 
2017-12-08 12:21:44   4690     0.008    -0.334     0.008    19.407     0.000    19.407     0.048     0.026    19.078     0.072 0.00008289 
2017-12-08 12:21:45   4700     0.008    -0.334     0.008    20.275     0.000    20.275     0.049     0.025    19.946     0.072 0.00008286  Graphing
     0.56,   0.56,   0.55,   0.54,   0.29,   0.56,   0.65,   0.54,   0.54,   0.28
[-0.96875 -0.875   -0.375   -0.90625  0.6875 ] [ 0.76157784  0.76156265  0.53098512  0.76158881 -0.76140982]
Date                  Step    Loss_X    Loss_G    Loss_Z  Loss_PIN     kappa learning_rate
2017-12-08 12:21:48   4710     0.009    -0.313     0.009    19.728     0.000    19.728     0.050     0.027    19.421     0.072 0.00008283 
2017-12-08 12:21:49   4720     0.009    -0.314     0.009    19.992     0.000    19.992     0.047     0.027    19.684     0.072 0.00008280 
2017-12-08 12:21:50   4730     0.009    -0.315     0.009    19.241     0.000    19.241     0.048     0.026    18.931     0.072 0.00008276 
2017-12-08 12:21:51   4740     0.007    -0.315     0.007    20.589     0.000    20.589     0.047     0.026    20.279     0.072 0.00008273 
2017-12-08 12:21:52   4750     0.008    -0.337     0.008    20.406     0.000    20.406     0.049     0.026    20.074     0.072 0.00008270 
2017-12-08 12:21:53   4760     0.008    -0.338     0.008    20.876     0.000    20.876     0.047     0.025    20.543     0.072 0.00008266 
2017-12-08 12:21:54   4770     0.008    -0.205     0.008    20.364     0.000    20.364     0.048     0.025    20.166     0.072 0.00008263 
2017-12-08 12:21:56   4780     0.008    -0.145     0.008    20.253     0.000    20.253     0.048     0.025    20.114     0.072 0.00008260 
2017-12-08 12:21:57   4790     0.008    -0.205     0.008    20.175     0.000    20.175     0.048     0.026    19.975     0.072 0.00008256 
2017-12-08 12:21:58   4800     0.008    -0.318     0.008    20.552     0.000    20.552     0.050     0.025    20.239     0.072 0.00008253  Graphing
     0.58,   0.58,   0.55,   0.54,   0.29,   0.56,   0.65,   0.53,   0.53,   0.27
[-0.90625 -0.875   -0.375   -0.96875  0.65625] [ 0.76158112  0.76156747  0.5371896   0.76158917 -0.76143664]
Date                  Step    Loss_X    Loss_G    Loss_Z  Loss_PIN     kappa learning_rate
2017-12-08 12:22:00   4810     0.008    -0.319     0.008    20.509     0.000    20.509     0.048     0.026    20.195     0.072 0.00008250 
2017-12-08 12:22:01   4820     0.007    -0.341     0.007    20.282     0.000    20.282     0.046     0.025    19.946     0.072 0.00008246 
2017-12-08 12:22:02   4830     0.008    -0.342     0.008    20.228     0.000    20.228     0.048     0.026    19.892     0.072 0.00008243 
2017-12-08 12:22:03   4840     0.008    -0.320     0.008    21.192     0.000    21.192     0.047     0.025    20.877     0.072 0.00008240 
2017-12-08 12:22:04   4850     0.008    -0.343     0.008    20.753     0.000    20.753     0.046     0.026    20.416     0.072 0.00008237 
2017-12-08 12:22:05   4860     0.009    -0.343     0.009    20.107     0.001    20.107     0.046     0.026    19.769     0.072 0.00008233 
2017-12-08 12:22:06   4870     0.008    -0.344     0.008    20.432     0.000    20.432     0.047     0.026    20.093     0.072 0.00008230 
2017-12-08 12:22:07   4880     0.008    -0.180     0.008    20.132     0.000    20.132     0.048     0.026    19.958     0.072 0.00008227 
2017-12-08 12:22:09   4890     0.008    -0.345     0.008    20.323     0.000    20.323     0.048     0.027    19.983     0.072 0.00008223 
2017-12-08 12:22:10   4900     0.008    -0.345     0.008    20.859     0.000    20.859     0.048     0.026    20.519     0.072 0.00008220  Graphing
     0.55,   0.55,   0.55,   0.54,   0.29,   0.55,   0.64,   0.55,   0.55,   0.29
[-1.      -0.875   -0.09375 -0.9375   0.625  ] [ 0.76158261  0.76157254  0.54218131  0.76159    -0.7614544 ]
Date                  Step    Loss_X    Loss_G    Loss_Z  Loss_PIN     kappa learning_rate
2017-12-08 12:22:12   4910     0.008    -0.181     0.008    20.553     0.000    20.553     0.046     0.026    20.377     0.072 0.00008217 
2017-12-08 12:22:13   4920     0.008    -0.346     0.008    20.145     0.000    20.145     0.047     0.026    19.805     0.072 0.00008214 
2017-12-08 12:22:14   4930     0.008    -0.347     0.008    20.402     0.000    20.402     0.047     0.025    20.061     0.072 0.00008210 
2017-12-08 12:22:15   4940     0.009    -0.211     0.009    20.602     0.000    20.602     0.047     0.024    20.397     0.072 0.00008207 
2017-12-08 12:22:16   4950     0.008    -0.325     0.008    21.247     0.000    21.247     0.048     0.026    20.926     0.072 0.00008204 
2017-12-08 12:22:17   4960     0.008    -0.182     0.008    20.365     0.000    20.365     0.048     0.026    20.187     0.072 0.00008200 
2017-12-08 12:22:18   4970     0.008    -0.349     0.008    21.116     0.000    21.116     0.047     0.026    20.772     0.072 0.00008197 
2017-12-08 12:22:19   4980     0.008    -0.212     0.008    20.784     0.000    20.784     0.048     0.026    20.577     0.072 0.00008194 
2017-12-08 12:22:20   4990     0.008    -0.212     0.008    21.412     0.000    21.412     0.047     0.025    21.206     0.072 0.00008191 
2017-12-08 12:22:22   5000     0.008    -0.212     0.008    20.653     0.000    20.653     0.047     0.025    20.445     0.072 0.00008187  Graphing
     0.57,   0.57,   0.55,   0.54,   0.29,   0.57,   0.66,   0.55,   0.55,   0.29
[-0.9375 -0.9375 -0.1875 -0.8125  0.5625] [ 0.76158512  0.76157486  0.5520981   0.76159036 -0.76147103]
Date                  Step    Loss_X    Loss_G    Loss_Z  Loss_PIN     kappa learning_rate
2017-12-08 12:22:24   5010     0.359    -0.351     0.008    20.516     0.000    20.516     0.047     0.026    20.169     0.072 0.00008184 
2017-12-08 12:22:25   5020     0.336    -0.329     0.007    20.871     0.000    20.871     0.049     0.025    20.548     0.072 0.00008181 
2017-12-08 12:22:26   5030     0.142    -0.134     0.009    20.178     0.000    20.178     0.047     0.024    20.050     0.072 0.00008177 
2017-12-08 12:22:27   5040     0.221    -0.214     0.008    21.771     0.000    21.771     0.048     0.025    21.565     0.072 0.00008174 
2017-12-08 12:22:28   5050     0.361    -0.353     0.007    21.912     0.000    21.912     0.048     0.025    21.563     0.072 0.00008171 
2017-12-08 12:22:29   5060     0.223    -0.215     0.008    21.551     0.000    21.551     0.051     0.025    21.353     0.072 0.00008168 
2017-12-08 12:22:30   5070     0.362    -0.353     0.008    21.165     0.000    21.165     0.052     0.025    20.828     0.072 0.00008164 
2017-12-08 12:22:31   5080     0.209    -0.035     0.174     1.306     0.020     1.306     0.000     0.020     1.271     0.072 0.00008161 
2017-12-08 12:22:32   5090    -0.063     0.216     0.153     1.804     0.031     1.804     0.000     0.031     2.016     0.072 0.00008158 
2017-12-08 12:22:33   5100    -0.125     0.245     0.119     1.468     0.091     1.468     0.000     0.091     1.710     0.072 0.00008155  Graphing
     0.56,   0.56,   0.55,   0.54,   0.29,   0.55,   0.55,   0.55,   0.55,   0.54
[-1.      -0.9375  -0.40625 -0.875    0.78125] [-0.76118499 -0.75900549 -0.66240048 -0.76156586  0.7578938 ]
Date                  Step    Loss_X    Loss_G    Loss_Z  Loss_PIN     kappa learning_rate
2017-12-08 12:22:36   5110    -0.121     0.205     0.084     2.285     0.088     2.285     0.000     0.088     2.486     0.072 0.00008151 
2017-12-08 12:22:37   5120    -0.131     0.200     0.069     1.577     0.251     1.577     0.000     0.251     1.776     0.072 0.00008148 
2017-12-08 12:22:38   5130    -0.137     0.196     0.059     1.783     0.604     1.783     0.000     0.604     1.978     0.072 0.00008145 
2017-12-08 12:22:39   5140     0.147    -0.065     0.082     2.364     0.708     2.364     0.000     0.709     2.297     0.072 0.00008142 
2017-12-08 12:22:40   5150    -0.152     0.218     0.066     1.719     0.015     1.719     0.000     0.015     1.935     0.072 0.00008138 
2017-12-08 12:22:41   5160    -0.153     0.213     0.060     1.829     0.012     1.829     0.000     0.012     2.041     0.072 0.00008135 
2017-12-08 12:22:42   5170     0.021     0.041     0.062     1.908     0.017     1.908     0.000     0.017     1.947     0.072 0.00008132 
2017-12-08 12:22:43   5180    -0.145     0.206     0.060     1.564     0.015     1.564     0.000     0.015     1.769     0.072 0.00008129 
2017-12-08 12:22:44   5190    -0.038     0.095     0.057     1.599     0.014     1.599     0.000     0.014     1.694     0.072 0.00008125 
2017-12-08 12:22:45   5200    -0.136     0.198     0.061     1.443     0.032     1.443     0.000     0.032     1.641     0.072 0.00008122  Graphing
     0.56,   0.56,   0.55,   0.54,   0.29,   0.60,   0.60,   0.60,   0.60,   0.60
[-0.96875 -0.84375 -0.15625 -1.       0.78125] [-0.7600286  -0.75577193 -0.60444409 -0.76142472  0.74291217]
Date                  Step    Loss_X    Loss_G    Loss_Z  Loss_PIN     kappa learning_rate
2017-12-08 12:22:51   5210    -0.136     0.193     0.058     1.637     0.011     1.637     0.000     0.011     1.830     0.072 0.00008119 
2017-12-08 12:22:52   5220    -0.129     0.189     0.060     1.452     0.014     1.452     0.000     0.014     1.641     0.072 0.00008116 
2017-12-08 12:22:53   5230    -0.093     0.159     0.067     1.366     0.036     1.366     0.001     0.037     1.526     0.072 0.00008112 
2017-12-08 12:22:54   5240    -0.117     0.180     0.063     1.821     0.018     1.821     0.000     0.018     2.001     0.072 0.00008109 
2017-12-08 12:22:55   5250    -0.115     0.176     0.061     1.567     0.022     1.567     0.000     0.022     1.743     0.072 0.00008106 
2017-12-08 12:22:56   5260    -0.094     0.147     0.053     1.417     0.015     1.417     0.000     0.015     1.565     0.072 0.00008103 
2017-12-08 12:22:57   5270    -0.105     0.165     0.060     1.751     0.020     1.751     0.000     0.020     1.916     0.072 0.00008099 
2017-12-08 12:22:58   5280    -0.098     0.160     0.062     1.730     0.028     1.730     0.000     0.028     1.889     0.072 0.00008096 
2017-12-08 12:22:59   5290    -0.093     0.154     0.061     1.479     0.029     1.479     0.000     0.029     1.634     0.072 0.00008093 
2017-12-08 12:23:00   5300    -0.089     0.147     0.058     1.687     0.041     1.687     0.000     0.041     1.835     0.072 0.00008090  Graphing
     0.57,   0.57,   0.55,   0.54,   0.29,   0.57,   0.57,   0.57,   0.57,   0.56
[-0.9375  -0.90625 -0.25    -0.90625  0.6875 ] [-0.75594586 -0.74317908 -0.52631241 -0.75986069  0.68609649]
Date                  Step    Loss_X    Loss_G    Loss_Z  Loss_PIN     kappa learning_rate
2017-12-08 12:23:02   5310    -0.038     0.104     0.066     1.660     0.045     1.660     0.000     0.045     1.765     0.072 0.00008086 
2017-12-08 12:23:03   5320     0.031     0.026     0.057     1.654     0.037     1.654     0.000     0.037     1.683     0.072 0.00008083 
2017-12-08 12:23:04   5330    -0.062     0.126     0.064     1.889     0.050     1.889     0.000     0.050     2.016     0.072 0.00008080 
2017-12-08 12:23:04   5340    -0.035     0.089     0.054     1.831     0.055     1.831     0.000     0.055     1.924     0.072 0.00008077 
2017-12-08 12:23:05   5350    -0.036     0.092     0.055     1.743     0.065     1.743     0.000     0.065     1.841     0.072 0.00008073 
2017-12-08 12:23:06   5360    -0.051     0.098     0.047     2.023     0.068     2.023     0.000     0.068     2.128     0.072 0.00008070 
2017-12-08 12:23:07   5370    -0.005     0.123     0.117     1.771     0.260     1.771     0.000     0.260     1.896     0.072 0.00008067 
2017-12-08 12:23:08   5380    -0.035     0.116     0.081     1.816     0.078     1.816     0.000     0.078     1.935     0.072 0.00008064 
2017-12-08 12:23:09   5390    -0.045     0.109     0.064     1.871     0.137     1.871     0.000     0.138     1.983     0.072 0.00008061 
2017-12-08 12:23:10   5400    -0.011     0.081     0.070     2.013     0.327     2.013     0.000     0.327     2.098     0.072 0.00008057  Graphing
     0.55,   0.55,   0.55,   0.54,   0.29,   0.58,   0.58,   0.58,   0.58,   0.58
[-0.90625 -0.90625 -0.125   -0.9375   0.5    ] [-0.73456311 -0.69161958 -0.51202953 -0.75128055  0.51926249]
Date                  Step    Loss_X    Loss_G    Loss_Z  Loss_PIN     kappa learning_rate
2017-12-08 12:23:11   5410    -0.027     0.093     0.066     1.940     0.348     1.940     0.000     0.348     2.040     0.072 0.00008054 
2017-12-08 12:23:12   5420    -0.003     0.070     0.067     2.093     0.297     2.093     0.000     0.297     2.170     0.072 0.00008051 
2017-12-08 12:23:13   5430    -0.015     0.076     0.062     2.283     0.174     2.283     0.000     0.174     2.366     0.072 0.00008048 
2017-12-08 12:23:14   5440    -0.008     0.067     0.060     2.339     0.312     2.339     0.000     0.312     2.417     0.072 0.00008044 
2017-12-08 12:23:15   5450     0.036     0.022     0.059     2.389     0.169     2.389     0.000     0.169     2.428     0.072 0.00008041 
2017-12-08 12:23:16   5460     0.038     0.032     0.070     2.667     0.467     2.667     0.000     0.467     2.714     0.072 0.00008038 
2017-12-08 12:23:17   5470     0.024     0.036     0.060     2.750     0.301     2.750     0.000     0.301     2.806     0.072 0.00008035 
2017-12-08 12:23:17   5480     0.048     0.012     0.060     3.001     0.280     3.001     0.000     0.280     3.039     0.072 0.00008032 
2017-12-08 12:23:18   5490     0.042     0.013     0.055     3.215     0.174     3.215     0.000     0.174     3.260     0.072 0.00008028 
2017-12-08 12:23:19   5500     0.067    -0.010     0.057     3.567     0.268     3.567     0.000     0.268     3.589     0.072 0.00008025  Graphing
     0.58,   0.58,   0.55,   0.54,   0.29,   0.56,   0.56,   0.56,   0.56,   0.55
[-1.    -0.875 -0.125 -0.875  0.625] [-0.26698217  0.21022327 -0.31137487 -0.27101254 -0.51394618]
Date                  Step    Loss_X    Loss_G    Loss_Z  Loss_PIN     kappa learning_rate
2017-12-08 12:23:21   5510     0.067    -0.011     0.055     3.866     0.308     3.866     0.000     0.308     3.889     0.072 0.00008022 
2017-12-08 12:23:22   5520     0.082    -0.023     0.059     4.279     1.015     4.279     0.000     1.016     4.299     0.072 0.00008019 
2017-12-08 12:23:23   5530     0.180    -0.132     0.047     5.059     1.016     5.059     0.000     1.035     4.972     0.072 0.00008016 
2017-12-08 12:23:24   5540     0.104    -0.050     0.055     5.267     0.097     5.267     0.000     0.097     5.268     0.072 0.00008012 
2017-12-08 12:23:25   5550     0.122    -0.067     0.055     5.673     0.169     5.673     0.000     0.169     5.658     0.072 0.00008009 
2017-12-08 12:23:26   5560     0.131    -0.079     0.051     6.205     0.074     6.205     0.000     0.074     6.177     0.072 0.00008006 
2017-12-08 12:23:26   5570     0.146    -0.091     0.056     6.885     0.181     6.885     0.000     0.182     6.849     0.072 0.00008003 
2017-12-08 12:23:27   5580     0.151    -0.101     0.050     7.257     0.136     7.257     0.000     0.138     7.206     0.072 0.00008000 
2017-12-08 12:23:28   5590     0.156    -0.112     0.044     7.876     0.096     7.876     0.000     0.099     7.817     0.072 0.00007996 
2017-12-08 12:23:29   5600     0.172    -0.123     0.049     8.346     0.132     8.346     0.000     0.137     8.276     0.072 0.00007993  Graphing
     0.57,   0.57,   0.55,   0.54,   0.29,   0.60,   0.60,   0.59,   0.58,   0.47
[-1.      -0.8125  -0.03125 -0.90625  0.625  ] [ 0.72550571  0.74867636  0.05883862  0.73708737 -0.75435901]
Date                  Step    Loss_X    Loss_G    Loss_Z  Loss_PIN     kappa learning_rate
2017-12-08 12:23:31   5610     0.104    -0.056     0.049     8.596     0.249     8.596     0.000     0.250     8.590     0.072 0.00007990 
2017-12-08 12:23:32   5620     0.185    -0.140     0.045     9.646     0.156     9.646     0.000     0.159     9.558     0.072 0.00007987 
2017-12-08 12:23:33   5630     0.192    -0.149     0.043    10.080     0.199    10.080     0.000     0.210     9.982     0.072 0.00007984 
2017-12-08 12:23:33   5640     0.203    -0.164     0.040    10.774     0.134    10.774     0.000     0.142    10.666     0.072 0.00007980 
2017-12-08 12:23:34   5650     0.213    -0.174     0.039    11.068     0.173    11.068     0.000     0.184    10.950     0.072 0.00007977 
2017-12-08 12:23:35   5660     0.217    -0.177     0.040    11.538     0.179    11.538     0.000     0.189    11.413     0.072 0.00007974 
2017-12-08 12:23:36   5670     0.222    -0.186     0.037    11.908     0.153    11.908     0.000     0.164    11.772     0.072 0.00007971 
2017-12-08 12:23:37   5680     0.141    -0.103     0.038    12.443     0.182    12.443     0.000     0.190    12.387     0.072 0.00007968 
2017-12-08 12:23:38   5690     0.033    -0.003     0.030    13.278     0.094    13.278     0.000     0.093    13.323     0.072 0.00007964 
2017-12-08 12:23:39   5700     0.241    -0.210     0.031    13.864     0.116    13.864     0.000     0.129    13.704     0.072 0.00007961  Graphing
     0.58,   0.58,   0.55,   0.54,   0.29,   0.59,   0.60,   0.56,   0.55,   0.31
[-0.96875 -0.90625 -0.1875  -0.9375   0.6875 ] [ 0.76048541  0.76092625  0.34804133  0.76094818 -0.76062649]
Date                  Step    Loss_X    Loss_G    Loss_Z  Loss_PIN     kappa learning_rate
2017-12-08 12:23:41   5710     0.262    -0.232     0.030    14.429     0.077    14.429     0.000     0.076    14.249     0.072 0.00007958 
2017-12-08 12:23:42   5720     0.146    -0.116     0.030    14.580     0.152    14.580     0.000     0.163    14.507     0.072 0.00007955 
2017-12-08 12:23:42   5730     0.278    -0.248     0.030    15.383     0.070    15.383     0.000     0.072    15.177     0.072 0.00007952 
2017-12-08 12:23:43   5740     0.269    -0.239     0.030    15.828     0.083    15.828     0.000     0.096    15.628     0.072 0.00007949 
2017-12-08 12:23:44   5750     0.293    -0.262     0.031    16.378     0.165    16.378     0.000     0.179    16.151     0.072 0.00007945 
2017-12-08 12:23:45   5760     0.296    -0.268     0.028    16.560     0.086    16.560     0.000     0.096    16.328     0.072 0.00007942 
2017-12-08 12:23:46   5770     0.185    -0.156     0.029    16.507     0.068    16.507     0.000     0.074    16.384     0.072 0.00007939 
2017-12-08 12:23:47   5780     0.306    -0.279     0.026    16.961     0.059    16.961     0.000     0.063    16.709     0.072 0.00007936 
2017-12-08 12:23:48   5790     0.309    -0.284     0.025    17.125     0.058    17.125     0.000     0.057    16.867     0.072 0.00007933 
2017-12-08 12:23:49   5800     0.314    -0.288     0.026    17.269     0.047    17.269     0.000     0.051    17.006     0.072 0.00007929  Graphing
     0.57,   0.57,   0.55,   0.54,   0.29,   0.56,   0.56,   0.53,   0.53,   0.28
[-0.90625 -0.8125  -0.15625 -0.90625  0.71875] [ 0.76150036  0.76149726  0.49901676  0.76154685 -0.76123071]
Date                  Step    Loss_X    Loss_G    Loss_Z  Loss_PIN     kappa learning_rate
2017-12-08 12:23:50   5810     0.162    -0.137     0.025    17.356     0.064    17.356     0.000     0.070    17.238     0.072 0.00007926 
2017-12-08 12:23:51   5820     0.322    -0.296     0.026    17.620     0.056    17.620     0.000     0.063    17.344     0.072 0.00007923 
2017-12-08 12:23:52   5830     0.3