   0  4 Bald
   1 15 Eyeglasses
   2 20 Male
   3 22 Mustache
   4 24 No_Beard
2017-12-08 12:04:05      1     0.391    -0.028     0.391     3.537     0.003     3.537     0.002     0.003     3.566     0.072 0.00010000  Graphing
     0.57,   0.57,   0.55,   0.54,   0.29,   0.01,   0.02,   0.02,   0.02,   0.02
[-0.9375  -0.90625 -0.125   -0.90625  0.53125] [-0.05142067 -0.59737378  0.37304634  0.48147085 -0.12486916]
Date                  Step    Loss_X    Loss_G    Loss_Z  Loss_PIN     kappa learning_rate
2017-12-08 12:04:07     10     0.197    -0.016     0.197     3.420     0.050     3.420     0.000     0.050     3.435     0.072 0.00009996 
2017-12-08 12:04:07     20     0.127     0.017     0.127     4.122     0.033     4.122     0.001     0.032     4.082     0.072 0.00009992 
2017-12-08 12:04:08     30     0.077     0.002     0.077     3.933     0.009     3.933     0.003     0.008     3.930     0.072 0.00009988 
2017-12-08 12:04:09     40     0.064    -0.001     0.064     4.023     0.009     4.023     0.003     0.008     4.026     0.072 0.00009984 
2017-12-08 12:04:10     50     0.058    -0.001     0.058     3.831     0.007     3.831     0.003     0.007     3.837     0.072 0.00009980 
2017-12-08 12:04:11     60     0.051    -0.002     0.051     3.756     0.007     3.756     0.003     0.006     3.765     0.072 0.00009976 
2017-12-08 12:04:12     70     0.046     0.013     0.046     3.758     0.005     3.758     0.004     0.007     3.741     0.072 0.00009972 
2017-12-08 12:04:13     80     0.041    -0.016     0.041     3.695     0.006     3.695     0.004     0.008     3.697     0.072 0.00009968 
2017-12-08 12:04:13     90     0.035    -0.003     0.035     3.648     0.004     3.648     0.004     0.004     3.649     0.072 0.00009964 
2017-12-08 12:04:14    100     0.034    -0.002     0.034     3.634     0.004     3.634     0.004     0.005     3.622     0.072 0.00009960  Graphing
     0.57,   0.57,   0.55,   0.54,   0.29,   0.58,   0.57,   0.55,   0.55,   0.21
[-0.96875 -0.90625 -0.1875  -0.875    0.625  ] [-0.04587779 -0.59558737  0.39079067  0.5028097  -0.29208809]
Date                  Step    Loss_X    Loss_G    Loss_Z  Loss_PIN     kappa learning_rate
2017-12-08 12:04:16    110     0.034    -0.000     0.034     3.588     0.005     3.588     0.004     0.006     3.574     0.072 0.00009956 
2017-12-08 12:04:17    120     0.032     0.005     0.032     3.602     0.006     3.602     0.005     0.008     3.588     0.072 0.00009952 
2017-12-08 12:04:18    130     0.030     0.002     0.030     3.643     0.003     3.643     0.005     0.007     3.619     0.072 0.00009948 
2017-12-08 12:04:19    140     0.026    -0.008     0.026     3.627     0.003     3.627     0.006     0.007     3.617     0.072 0.00009944 
2017-12-08 12:04:20    150     0.028     0.003     0.028     3.387     0.003     3.387     0.005     0.007     3.358     0.072 0.00009940 
2017-12-08 12:04:20    160     0.028    -0.008     0.028     3.491     0.003     3.491     0.006     0.007     3.476     0.072 0.00009936 
2017-12-08 12:04:21    170     0.025     0.003     0.025     3.533     0.003     3.533     0.007     0.007     3.507     0.072 0.00009932 
2017-12-08 12:04:22    180     0.024     0.002     0.024     3.392     0.003     3.392     0.007     0.008     3.359     0.072 0.00009928 
2017-12-08 12:04:23    190     0.023    -0.020     0.023     3.428     0.003     3.428     0.007     0.008     3.421     0.072 0.00009924 
2017-12-08 12:04:24    200     0.023    -0.014     0.023     3.474     0.002     3.474     0.008     0.009     3.462     0.072 0.00009920  Graphing
     0.56,   0.56,   0.55,   0.54,   0.29,   0.54,   0.53,   0.52,   0.52,   0.23
[-0.96875 -0.90625 -0.375   -0.90625  0.78125] [-0.27682766 -0.66191494  0.42040294  0.45122033 -0.19973332]
Date                  Step    Loss_X    Loss_G    Loss_Z  Loss_PIN     kappa learning_rate
2017-12-08 12:04:26    210     0.023    -0.019     0.023     3.327     0.002     3.327     0.007     0.008     3.321     0.072 0.00009916 
2017-12-08 12:04:27    220     0.021    -0.003     0.021     3.230     0.002     3.230     0.007     0.008     3.199     0.072 0.00009912 
2017-12-08 12:04:28    230     0.021     0.017     0.021     3.345     0.002     3.345     0.008     0.008     3.303     0.072 0.00009908 
2017-12-08 12:04:28    240     0.022    -0.028     0.022     3.284     0.002     3.284     0.008     0.008     3.294     0.072 0.00009904 
2017-12-08 12:04:29    250     0.019    -0.008     0.019     3.226     0.002     3.226     0.007     0.008     3.207     0.072 0.00009900 
2017-12-08 12:04:30    260     0.020    -0.032     0.020     3.147     0.002     3.147     0.008     0.009     3.150     0.072 0.00009897 
2017-12-08 12:04:31    270     0.019    -0.030     0.019     3.161     0.002     3.161     0.008     0.010     3.166     0.072 0.00009893 
2017-12-08 12:04:32    280     0.019    -0.046     0.019     3.156     0.002     3.156     0.008     0.009     3.183     0.072 0.00009889 
2017-12-08 12:04:33    290     0.021    -0.016     0.021     3.195     0.002     3.195     0.009     0.010     3.188     0.072 0.00009885 
2017-12-08 12:04:34    300     0.020    -0.010     0.020     3.122     0.002     3.122     0.009     0.009     3.091     0.072 0.00009881  Graphing
     0.56,   0.56,   0.55,   0.54,   0.29,   0.54,   0.55,   0.52,   0.53,   0.26
[-1.      -0.9375  -0.25    -0.96875  0.78125] [-0.42992797 -0.70720083  0.42662892  0.29232419 -0.09499551]
Date                  Step    Loss_X    Loss_G    Loss_Z  Loss_PIN     kappa learning_rate
2017-12-08 12:04:35    310     0.020    -0.033     0.020     3.071     0.002     3.071     0.009     0.010     3.081     0.072 0.00009877 
2017-12-08 12:04:36    320     0.020    -0.020     0.020     3.036     0.002     3.036     0.009     0.009     3.016     0.072 0.00009873 
2017-12-08 12:04:37    330     0.018    -0.020     0.018     3.007     0.002     3.007     0.009     0.010     2.995     0.072 0.00009869 
2017-12-08 12:04:38    340     0.019    -0.020     0.019     3.017     0.002     3.017     0.009     0.010     3.000     0.072 0.00009865 
2017-12-08 12:04:39    350     0.017    -0.023     0.017     2.925     0.002     2.925     0.009     0.011     2.911     0.072 0.00009861 
2017-12-08 12:04:40    360     0.018    -0.027     0.018     2.832     0.002     2.832     0.008     0.010     2.822     0.072 0.00009857 
2017-12-08 12:04:41    370     0.018    -0.031     0.018     2.943     0.002     2.943     0.010     0.011     2.936     0.072 0.00009853 
2017-12-08 12:04:41    380     0.017    -0.029     0.017     2.884     0.002     2.884     0.009     0.010     2.871     0.072 0.00009849 
2017-12-08 12:04:42    390     0.017    -0.025     0.017     2.918     0.002     2.918     0.010     0.011     2.894     0.072 0.00009845 
2017-12-08 12:04:43    400     0.017    -0.043     0.017     2.832     0.002     2.832     0.010     0.011     2.834     0.072 0.00009841  Graphing
     0.56,   0.56,   0.55,   0.54,   0.29,   0.54,   0.54,   0.53,   0.54,   0.26
[-0.96875 -0.875   -0.09375 -0.90625  0.59375] [-0.57495141 -0.73202103  0.37689915  0.09533646 -0.03845454]
Date                  Step    Loss_X    Loss_G    Loss_Z  Loss_PIN     kappa learning_rate
2017-12-08 12:04:45    410     0.018    -0.035     0.018     2.836     0.002     2.836     0.009     0.010     2.837     0.072 0.00009837 
2017-12-08 12:04:46    420     0.016    -0.034     0.016     2.860     0.002     2.860     0.010     0.011     2.850     0.072 0.00009833 
2017-12-08 12:04:47    430     0.017    -0.050     0.017     2.722     0.002     2.722     0.009     0.011     2.737     0.072 0.00009829 
2017-12-08 12:04:47    440     0.017    -0.050     0.017     2.807     0.002     2.807     0.010     0.011     2.817     0.072 0.00009826 
2017-12-08 12:04:48    450     0.017    -0.039     0.017     2.728     0.002     2.728     0.009     0.011     2.728     0.072 0.00009822 
2017-12-08 12:04:49    460     0.017    -0.035     0.017     2.734     0.002     2.734     0.010     0.011     2.723     0.072 0.00009818 
2017-12-08 12:04:50    470     0.016    -0.046     0.016     2.688     0.002     2.688     0.009     0.011     2.696     0.072 0.00009814 
2017-12-08 12:04:51    480     0.016    -0.053     0.016     2.617     0.002     2.617     0.009     0.011     2.633     0.072 0.00009810 
2017-12-08 12:04:52    490     0.014    -0.040     0.014     2.686     0.001     2.686     0.010     0.011     2.697     0.072 0.00009806 
2017-12-08 12:04:53    500     0.015    -0.046     0.015     2.744     0.001     2.744     0.010     0.011     2.744     0.072 0.00009802  Graphing
     0.58,   0.58,   0.55,   0.54,   0.29,   0.59,   0.59,   0.55,   0.55,   0.27
[-0.90625 -0.8125  -0.25    -0.96875  0.8125 ] [-0.65500277 -0.74509615  0.35189641 -0.09693666 -0.00090783]
Date                  Step    Loss_X    Loss_G    Loss_Z  Loss_PIN     kappa learning_rate
2017-12-08 12:04:55    510     0.014    -0.042     0.014     2.557     0.001     2.557     0.010     0.011     2.566     0.072 0.00009798 
2017-12-08 12:04:55    520     0.015    -0.042     0.015     2.569     0.002     2.569     0.010     0.011     2.581     0.072 0.00009794 
2017-12-08 12:04:56    530     0.016    -0.060     0.016     2.616     0.002     2.616     0.011     0.012     2.645     0.072 0.00009790 
2017-12-08 12:04:57    540     0.016    -0.045     0.016     2.623     0.001     2.623     0.010     0.012     2.641     0.072 0.00009786 
2017-12-08 12:04:58    550     0.015    -0.061     0.015     2.784     0.001     2.784     0.011     0.012     2.806     0.072 0.00009782 
2017-12-08 12:04:59    560     0.014    -0.054     0.014     2.451     0.001     2.451     0.009     0.011     2.478     0.072 0.00009778 
2017-12-08 12:05:00    570     0.014    -0.052     0.014     2.536     0.001     2.536     0.010     0.011     2.553     0.072 0.00009775 
2017-12-08 12:05:01    580     0.015    -0.052     0.015     2.714     0.001     2.714     0.011     0.012     2.736     0.072 0.00009771 
2017-12-08 12:05:01    590     0.014    -0.054     0.014     2.459     0.001     2.459     0.010     0.011     2.492     0.072 0.00009767 
2017-12-08 12:05:02    600     0.015    -0.054     0.015     2.410     0.002     2.410     0.010     0.011     2.441     0.072 0.00009763  Graphing
     0.57,   0.57,   0.55,   0.54,   0.29,   0.55,   0.55,   0.52,   0.53,   0.26
[-0.9375  -0.96875  0.03125 -0.78125  0.40625] [-0.6956414  -0.75056499  0.33612347 -0.22088364  0.05879049]
Date                  Step    Loss_X    Loss_G    Loss_Z  Loss_PIN     kappa learning_rate
2017-12-08 12:05:04    610     0.014     0.014     0.014     2.588     0.002     2.588     0.010     0.012     2.547     0.072 0.00009759 
2017-12-08 12:05:05    620     0.014    -0.068     0.014     2.519     0.002     2.519     0.010     0.011     2.553     0.072 0.00009755 
2017-12-08 12:05:06    630     0.015    -0.053     0.015     2.601     0.002     2.601     0.011     0.012     2.626     0.072 0.00009751 
2017-12-08 12:05:07    640     0.015    -0.052     0.015     2.492     0.002     2.492     0.010     0.012     2.520     0.072 0.00009747 
2017-12-08 12:05:08    650     0.014    -0.071     0.014     2.362     0.002     2.362     0.010     0.011     2.404     0.072 0.00009743 
2017-12-08 12:05:08    660     0.015    -0.075     0.015     2.544     0.002     2.544     0.010     0.012     2.589     0.072 0.00009739 
2017-12-08 12:05:09    670     0.016    -0.065     0.016     2.407     0.002     2.407     0.010     0.012     2.444     0.072 0.00009736 
2017-12-08 12:05:10    680     0.014    -0.071     0.014     2.273     0.002     2.273     0.010     0.012     2.322     0.072 0.00009732 
2017-12-08 12:05:11    690     0.014    -0.072     0.014     2.392     0.001     2.392     0.010     0.012     2.437     0.072 0.00009728 
2017-12-08 12:05:12    700     0.014    -0.076     0.014     2.383     0.002     2.383     0.010     0.012     2.433     0.072 0.00009724  Graphing
     0.59,   0.59,   0.55,   0.54,   0.29,   0.59,   0.59,   0.54,   0.55,   0.27
[-0.9375  -0.875   -0.125   -0.96875  0.65625] [-0.72266108 -0.75415236  0.29212564 -0.34273073  0.07152395]
Date                  Step    Loss_X    Loss_G    Loss_Z  Loss_PIN     kappa learning_rate
2017-12-08 12:05:14    710     0.015    -0.066     0.015     2.413     0.002     2.413     0.011     0.013     2.454     0.072 0.00009720 
2017-12-08 12:05:15    720     0.014    -0.065     0.014     2.405     0.002     2.405     0.011     0.013     2.448     0.072 0.00009716 
2017-12-08 12:05:15    730     0.015    -0.074     0.015     2.465     0.002     2.465     0.012     0.013     2.492     0.072 0.00009712 
2017-12-08 12:05:16    740     0.014    -0.063     0.014     2.316     0.002     2.316     0.011     0.012     2.351     0.072 0.00009708 
2017-12-08 12:05:17    750     0.015    -0.066     0.015     2.351     0.002     2.351     0.011     0.012     2.390     0.072 0.00009704 
2017-12-08 12:05:18    760     0.014    -0.071     0.014     2.397     0.002     2.397     0.011     0.013     2.446     0.072 0.00009701 
2017-12-08 12:05:19    770     0.014    -0.070     0.014     2.349     0.001     2.349     0.012     0.013     2.395     0.072 0.00009697 
2017-12-08 12:05:20    780     0.013    -0.065     0.013     2.283     0.001     2.283     0.010     0.012     2.330     0.072 0.00009693 
2017-12-08 12:05:21    790     0.015    -0.081     0.015     2.389     0.002     2.389     0.011     0.012     2.442     0.072 0.00009689 
2017-12-08 12:05:22    800     0.012    -0.084     0.012     2.224     0.001     2.224     0.010     0.011     2.295     0.072 0.00009685  Graphing
     0.59,   0.59,   0.55,   0.54,   0.29,   0.60,   0.59,   0.54,   0.55,   0.26
[-0.96875 -0.90625 -0.25    -0.96875  0.78125] [-0.73903376 -0.75684857  0.27252096 -0.44503129  0.13294567]
Date                  Step    Loss_X    Loss_G    Loss_Z  Loss_PIN     kappa learning_rate
2017-12-08 12:05:23    810     0.014    -0.087     0.014     2.368     0.002     2.368     0.011     0.012     2.424     0.072 0.00009681 
2017-12-08 12:05:24    820     0.013    -0.072     0.013     2.281     0.001     2.281     0.011     0.012     2.333     0.072 0.00009677 
2017-12-08 12:05:25    830     0.012    -0.077     0.012     2.186     0.001     2.186     0.011     0.011     2.249     0.072 0.00009673 
2017-12-08 12:05:26    840     0.013    -0.022     0.013     2.236     0.001     2.236     0.011     0.012     2.240     0.072 0.00009670 
2017-12-08 12:05:27    850     0.013    -0.020     0.013     2.297     0.001     2.297     0.012     0.013     2.304     0.072 0.00009666 
2017-12-08 12:05:28    860     0.013    -0.073     0.013     2.317     0.001     2.317     0.011     0.012     2.374     0.072 0.00009662 
2017-12-08 12:05:29    870     0.014    -0.083     0.014     2.232     0.001     2.232     0.011     0.012     2.303     0.072 0.00009658 
2017-12-08 12:05:29    880     0.013    -0.082     0.013     2.267     0.001     2.267     0.012     0.013     2.341     0.072 0.00009654 
2017-12-08 12:05:30    890     0.013    -0.086     0.013     2.232     0.001     2.232     0.012     0.012     2.306     0.072 0.00009650 
2017-12-08 12:05:31    900     0.012    -0.085     0.012     2.279     0.001     2.279     0.012     0.012     2.350     0.072 0.00009646  Graphing
     0.57,   0.57,   0.55,   0.54,   0.29,   0.57,   0.58,   0.54,   0.55,   0.26
[-0.9375  -0.84375 -0.28125 -0.96875  0.71875] [-0.74616462 -0.75807023  0.2629126  -0.50624567  0.18325064]
Date                  Step    Loss_X    Loss_G    Loss_Z  Loss_PIN     kappa learning_rate
2017-12-08 12:05:33    910     0.013    -0.083     0.013     2.315     0.001     2.315     0.013     0.013     2.377     0.072 0.00009643 
2017-12-08 12:05:34    920     0.013    -0.086     0.013     2.081     0.001     2.081     0.011     0.012     2.154     0.072 0.00009639 
2017-12-08 12:05:35    930     0.013    -0.078     0.013     2.198     0.001     2.198     0.011     0.012     2.262     0.072 0.00009635 
2017-12-08 12:05:36    940     0.013    -0.087     0.013     2.277     0.001     2.277     0.012     0.012     2.344     0.072 0.00009631 
2017-12-08 12:05:37    950     0.012    -0.086     0.012     2.283     0.001     2.283     0.012     0.012     2.343     0.072 0.00009627 
2017-12-08 12:05:38    960     0.013    -0.088     0.013     2.067     0.001     2.067     0.011     0.011     2.143     0.072 0.00009623 
2017-12-08 12:05:38    970     0.012    -0.082     0.012     2.139     0.001     2.139     0.011     0.011     2.204     0.072 0.00009619 
2017-12-08 12:05:39    980     0.012    -0.096     0.012     1.951     0.001     1.951     0.011     0.011     2.037     0.072 0.00009616 
2017-12-08 12:05:40    990     0.012    -0.083     0.012     2.075     0.001     2.075     0.011     0.012     2.148     0.072 0.00009612 
2017-12-08 12:05:41   1000     0.013    -0.091     0.013     1.955     0.001     1.955     0.011     0.011     2.030     0.072 0.00009608  Graphing
     0.55,   0.55,   0.55,   0.54,   0.29,   0.56,   0.56,   0.55,   0.55,   0.28
[-1.      -0.96875 -0.21875 -0.96875  0.65625] [-0.75137359 -0.7589004   0.2213542  -0.5629319   0.23769133]
Date                  Step    Loss_X    Loss_G    Loss_Z  Loss_PIN     kappa learning_rate
2017-12-08 12:05:43   1010     0.013    -0.092     0.013     2.106     0.001     2.106     0.012     0.012     2.186     0.072 0.00009604 
2017-12-08 12:05:44   1020     0.012    -0.086     0.012     2.106     0.001     2.106     0.012     0.013     2.184     0.072 0.00009600 
2017-12-08 12:05:45   1030     0.011    -0.096     0.011     2.051     0.001     2.051     0.011     0.012     2.133     0.072 0.00009596 
2017-12-08 12:05:46   1040     0.014    -0.033     0.014     2.068     0.002     2.068     0.011     0.012     2.086     0.072 0.00009593 
2017-12-08 12:05:46   1050     0.012    -0.098     0.012     2.048     0.001     2.048     0.010     0.011     2.126     0.072 0.00009589 
2017-12-08 12:05:47   1060     0.013    -0.106     0.013     2.015     0.001     2.015     0.011     0.011     2.108     0.072 0.00009585 
2017-12-08 12:05:48   1070     0.013    -0.096     0.013     1.865     0.001     1.865     0.011     0.011     1.948     0.072 0.00009581 
2017-12-08 12:05:49   1080     0.011    -0.097     0.011     1.876     0.001     1.876     0.011     0.011     1.962     0.072 0.00009577 
2017-12-08 12:05:50   1090     0.012    -0.099     0.012     2.117     0.001     2.117     0.012     0.012     2.207     0.072 0.00009573 
2017-12-08 12:05:51   1100     0.011    -0.101     0.011     2.100     0.001     2.100     0.012     0.012     2.186     0.072 0.00009570  Graphing
     0.56,   0.56,   0.55,   0.54,   0.29,   0.56,   0.56,   0.54,   0.54,   0.26
[-0.9375  -0.84375 -0.25    -1.       0.71875] [-0.75539726 -0.7597782   0.20991838 -0.61153013  0.29513463]
Date                  Step    Loss_X    Loss_G    Loss_Z  Loss_PIN     kappa learning_rate
2017-12-08 12:05:53   1110     0.011    -0.102     0.011     2.086     0.001     2.086     0.011     0.011     2.175     0.072 0.00009566 
2017-12-08 12:05:54   1120     0.011    -0.100     0.011     2.014     0.001     2.014     0.011     0.012     2.104     0.072 0.00009562 
2017-12-08 12:05:55   1130     0.012    -0.102     0.012     1.966     0.001     1.966     0.012     0.012     2.056     0.072 0.00009558 
2017-12-08 12:05:55   1140     0.012    -0.105     0.012     1.925     0.001     1.925     0.011     0.011     2.021     0.072 0.00009554 
2017-12-08 12:05:56   1150     0.012    -0.106     0.012     2.071     0.001     2.071     0.011     0.012     2.168     0.072 0.00009550 
2017-12-08 12:05:57   1160     0.012    -0.115     0.012     1.886     0.001     1.886     0.011     0.012     1.992     0.072 0.00009547 
2017-12-08 12:05:58   1170     0.012    -0.114     0.012     2.283     0.001     2.283     0.013     0.013     2.384     0.072 0.00009543 
2017-12-08 12:05:59   1180     0.012    -0.105     0.012     2.043     0.001     2.043     0.011     0.012     2.140     0.072 0.00009539 
2017-12-08 12:06:00   1190     0.012    -0.110     0.012     2.121     0.001     2.121     0.012     0.012     2.218     0.072 0.00009535 
2017-12-08 12:06:01   1200     0.012    -0.109     0.012     1.991     0.001     1.991     0.011     0.012     2.092     0.072 0.00009531  Graphing
     0.56,   0.56,   0.55,   0.54,   0.29,   0.55,   0.56,   0.54,   0.54,   0.26
[-0.96875 -0.875   -0.34375 -0.9375   0.75   ] [-0.75745612 -0.76025403  0.20000599 -0.64460617  0.34880123]
Date                  Step    Loss_X    Loss_G    Loss_Z  Loss_PIN     kappa learning_rate
2017-12-08 12:06:03   1210     0.011    -0.099     0.011     2.009     0.001     2.009     0.011     0.011     2.098     0.072 0.00009528 
2017-12-08 12:06:04   1220     0.012    -0.102     0.012     1.817     0.001     1.817     0.011     0.011     1.910     0.072 0.00009524 
2017-12-08 12:06:05   1230     0.011    -0.121     0.011     1.838     0.001     1.838     0.011     0.012     1.948     0.072 0.00009520 
2017-12-08 12:06:05   1240     0.010    -0.117     0.010     2.056     0.001     2.056     0.012     0.012     2.164     0.072 0.00009516 
2017-12-08 12:06:06   1250     0.012    -0.117     0.012     2.145     0.001     2.145     0.012     0.012     2.248     0.072 0.00009512 
2017-12-08 12:06:07   1260     0.012    -0.026     0.012     2.395     0.001     2.395     0.013     0.013     2.406     0.072 0.00009508 
2017-12-08 12:06:08   1270     0.012    -0.124     0.012     2.113     0.001     2.113     0.011     0.011     2.223     0.072 0.00009505 
2017-12-08 12:06:09   1280     0.010    -0.084     0.010     1.868     0.001     1.868     0.010     0.010     1.945     0.072 0.00009501 
2017-12-08 12:06:10   1290     0.012    -0.111     0.012     1.897     0.001     1.897     0.011     0.012     1.998     0.072 0.00009497 
2017-12-08 12:06:11   1300     0.011    -0.120     0.011     1.933     0.001     1.933     0.012     0.012     2.042     0.072 0.00009493  Graphing
     0.56,   0.56,   0.55,   0.54,   0.29,   0.56,   0.56,   0.54,   0.54,   0.26
[-0.9375  -0.96875 -0.125   -0.78125  0.5625 ] [-0.75886577 -0.76060557  0.1509717  -0.67314714  0.39289656]
Date                  Step    Loss_X    Loss_G    Loss_Z  Loss_PIN     kappa learning_rate
2017-12-08 12:06:13   1310     0.011    -0.105     0.011     1.926     0.001     1.926     0.011     0.011     2.024     0.072 0.00009489 
2017-12-08 12:06:13   1320     0.010    -0.123     0.010     1.803     0.001     1.803     0.011     0.011     1.917     0.072 0.00009486 
2017-12-08 12:06:14   1330     0.011    -0.121     0.011     1.780     0.001     1.780     0.010     0.010     1.891     0.072 0.00009482 
2017-12-08 12:06:15   1340     0.011    -0.114     0.011     1.970     0.001     1.970     0.011     0.011     2.074     0.072 0.00009478 
2017-12-08 12:06:16   1350     0.011    -0.125     0.011     1.913     0.001     1.913     0.011     0.011     2.030     0.072 0.00009474 
2017-12-08 12:06:17   1360     0.010    -0.130     0.010     1.928     0.001     1.928     0.013     0.013     2.050     0.072 0.00009471 
2017-12-08 12:06:18   1370     0.012    -0.130     0.012     2.249     0.001     2.249     0.013     0.013     2.368     0.072 0.00009467 
2017-12-08 12:06:19   1380     0.011    -0.127     0.011     2.047     0.001     2.047     0.013     0.013     2.168     0.072 0.00009463 
2017-12-08 12:06:20   1390     0.011    -0.129     0.011     2.024     0.001     2.024     0.012     0.012     2.143     0.072 0.00009459 
2017-12-08 12:06:21   1400     0.011    -0.132     0.011     2.329     0.001     2.329     0.013     0.013     2.448     0.072 0.00009455  Graphing
     0.57,   0.57,   0.55,   0.54,   0.29,   0.57,   0.57,   0.54,   0.54,   0.27
[-0.90625 -0.6875   0.03125 -0.90625  0.65625] [-0.75976658 -0.76088136  0.13404419 -0.69328946  0.43588227]
Date                  Step    Loss_X    Loss_G    Loss_Z  Loss_PIN     kappa learning_rate
2017-12-08 12:06:22   1410     0.011    -0.089     0.011     1.818     0.001     1.818     0.010     0.011     1.899     0.072 0.00009452 
2017-12-08 12:06:23   1420     0.010    -0.135     0.010     2.030     0.001     2.030     0.012     0.012     2.156     0.072 0.00009448 
2017-12-08 12:06:24   1430     0.011    -0.133     0.011     1.939     0.001     1.939     0.012     0.012     2.063     0.072 0.00009444 
2017-12-08 12:06:25   1440     0.011    -0.133     0.011     2.015     0.001     2.015     0.011     0.011     2.136     0.072 0.00009440 
2017-12-08 12:06:26   1450     0.011    -0.116     0.011     2.020     0.001     2.020     0.013     0.013     2.127     0.072 0.00009436 
2017-12-08 12:06:27   1460     0.011    -0.135     0.011     1.650     0.001     1.650     0.010     0.011     1.778     0.072 0.00009433 
2017-12-08 12:06:27   1470     0.010    -0.135     0.010     2.057     0.001     2.057     0.013     0.013     2.183     0.072 0.00009429 
2017-12-08 12:06:28   1480     0.011    -0.135     0.011     1.859     0.001     1.859     0.012     0.012     1.987     0.072 0.00009425 
2017-12-08 12:06:29   1490     0.010    -0.136     0.010     1.843     0.001     1.843     0.010     0.010     1.971     0.072 0.00009421 
2017-12-08 12:06:30   1500     0.011    -0.138     0.011     2.073     0.001     2.073     0.013     0.012     2.202     0.072 0.00009418  Graphing
     0.57,   0.57,   0.55,   0.54,   0.29,   0.56,   0.56,   0.54,   0.54,   0.27
[-0.90625 -0.8125  -0.25    -0.9375   0.65625] [-0.76033342 -0.76106107  0.09765465 -0.70964521  0.46487966]
Date                  Step    Loss_X    Loss_G    Loss_Z  Loss_PIN     kappa learning_rate
2017-12-08 12:06:32   1510     0.010    -0.141     0.010     1.780     0.001     1.780     0.011     0.011     1.914     0.072 0.00009414 
2017-12-08 12:06:33   1520     0.011    -0.141     0.011     1.920     0.001     1.920     0.012     0.012     2.053     0.072 0.00009410 
2017-12-08 12:06:34   1530     0.011    -0.140     0.011     1.897     0.001     1.897     0.011     0.011     2.028     0.072 0.00009406 
2017-12-08 12:06:35   1540     0.010    -0.143     0.010     1.766     0.001     1.766     0.011     0.011     1.901     0.072 0.00009403 
2017-12-08 12:06:35   1550     0.011    -0.144     0.011     1.946     0.001     1.946     0.012     0.012     2.082     0.072 0.00009399 
2017-12-08 12:06:36   1560     0.011    -0.122     0.011     1.872     0.001     1.872     0.011     0.011     1.986     0.072 0.00009395 
2017-12-08 12:06:37   1570     0.011    -0.126     0.011     1.663     0.001     1.663     0.010     0.010     1.784     0.072 0.00009391 
2017-12-08 12:06:38   1580     0.011    -0.146     0.011     2.126     0.001     2.126     0.013     0.012     2.266     0.072 0.00009388 
2017-12-08 12:06:39   1590     0.010    -0.146     0.010     1.809     0.001     1.809     0.012     0.012     1.949     0.072 0.00009384 
2017-12-08 12:06:40   1600     0.010    -0.128     0.010     1.657     0.001     1.657     0.010     0.010     1.779     0.072 0.00009380  Graphing
     0.59,   0.59,   0.55,   0.54,   0.29,   0.61,   0.61,   0.56,   0.56,   0.29
[-0.9375  -0.96875 -0.1875  -1.       0.625  ] [-0.7607103  -0.76118875  0.04615434 -0.72164875  0.50593078]
Date                  Step    Loss_X    Loss_G    Loss_Z  Loss_PIN     kappa learning_rate
2017-12-08 12:06:42   1610     0.010    -0.147     0.010     1.793     0.001     1.793     0.011     0.011     1.934     0.072 0.00009376 
2017-12-08 12:06:43   1620     0.010    -0.147     0.010     1.791     0.001     1.791     0.011     0.011     1.933     0.072 0.00009373 
2017-12-08 12:06:44   1630     0.010    -0.150     0.010     1.904     0.001     1.904     0.012     0.012     2.048     0.072 0.00009369 
2017-12-08 12:06:44   1640     0.010    -0.150     0.010     1.950     0.001     1.950     0.013     0.012     2.095     0.072 0.00009365 
2017-12-08 12:06:45   1650     0.011    -0.029     0.011     2.019     0.001     2.019     0.012     0.012     2.042     0.072 0.00009361 
2017-12-08 12:06:46   1660     0.010    -0.152     0.010     1.783     0.001     1.783     0.011     0.011     1.928     0.072 0.00009358 
2017-12-08 12:06:47   1670     0.010    -0.154     0.010     1.884     0.001     1.884     0.012     0.011     2.030     0.072 0.00009354 
2017-12-08 12:06:48   1680     0.010    -0.042     0.010     1.748     0.001     1.748     0.010     0.010     1.785     0.072 0.00009350 
2017-12-08 12:06:49   1690     0.010    -0.030     0.010     2.225     0.001     2.225     0.013     0.013     2.247     0.072 0.00009346 
2017-12-08 12:06:50   1700     0.011    -0.154     0.011     1.626     0.001     1.626     0.010     0.010     1.775     0.072 0.00009343  Graphing
     0.56,   0.56,   0.55,   0.54,   0.29,   0.54,   0.55,   0.53,   0.53,   0.27
[-1.      -0.90625 -0.15625 -0.96875  0.71875] [-0.76093596 -0.7612741   0.04688055 -0.72995549  0.54665118]
Date                  Step    Loss_X    Loss_G    Loss_Z  Loss_PIN     kappa learning_rate
2017-12-08 12:06:52   1710     0.011    -0.154     0.011     1.671     0.001     1.671     0.011     0.011     1.818     0.072 0.00009339 
2017-12-08 12:06:53   1720     0.010    -0.155     0.010     1.683     0.001     1.683     0.012     0.011     1.834     0.072 0.00009335 
2017-12-08 12:06:53   1730     0.010    -0.156     0.010     1.926     0.001     1.926     0.011     0.011     2.076     0.072 0.00009331 
2017-12-08 12:06:54   1740     0.010    -0.159     0.010     1.803     0.001     1.803     0.012     0.011     1.956     0.072 0.00009328 
2017-12-08 12:06:55   1750     0.011    -0.134     0.011     1.649     0.001     1.649     0.010     0.010     1.775     0.072 0.00009324 
2017-12-08 12:06:56   1760     0.011    -0.159     0.011     1.968     0.001     1.968     0.012     0.012     2.122     0.072 0.00009320 
2017-12-08 12:06:57   1770     0.009    -0.136     0.009     1.577     0.001     1.577     0.010     0.009     1.708     0.072 0.00009316 
2017-12-08 12:06:58   1780     0.011    -0.161     0.011     1.760     0.001     1.760     0.012     0.011     1.916     0.072 0.00009313 
2017-12-08 12:06:59   1790     0.011    -0.134     0.011     1.872     0.001     1.872     0.012     0.011     2.002     0.072 0.00009309 
2017-12-08 12:07:00   1800     0.012    -0.163     0.012     1.565     0.001     1.565     0.011     0.010     1.723     0.072 0.00009305  Graphing
     0.59,   0.59,   0.55,   0.54,   0.29,   0.55,   0.56,   0.51,   0.51,   0.26
[-0.96875 -0.96875 -0.09375 -0.9375   0.6875 ] [-0.76111746 -0.76135099  0.01476445 -0.73646557  0.58016837]
Date                  Step    Loss_X    Loss_G    Loss_Z  Loss_PIN     kappa learning_rate
2017-12-08 12:07:01   1810     0.011    -0.162     0.011     1.815     0.001     1.815     0.013     0.012     1.972     0.072 0.00009302 
2017-12-08 12:07:02   1820     0.011    -0.163     0.011     1.770     0.001     1.770     0.013     0.012     1.929     0.072 0.00009298 
2017-12-08 12:07:03   1830     0.010    -0.164     0.010     2.200     0.001     2.200     0.013     0.012     2.359     0.072 0.00009294 
2017-12-08 12:07:04   1840     0.010    -0.165     0.010     1.592     0.001     1.592     0.010     0.009     1.751     0.072 0.00009290 
2017-12-08 12:07:05   1850     0.009    -0.140     0.009     1.850     0.001     1.850     0.011     0.011     1.986     0.072 0.00009287 
2017-12-08 12:07:06   1860     0.010    -0.166     0.010     1.745     0.001     1.745     0.012     0.011     1.906     0.072 0.00009283 
2017-12-08 12:07:07   1870     0.011    -0.140     0.011     1.644     0.001     1.644     0.010     0.010     1.781     0.072 0.00009279 
2017-12-08 12:07:08   1880     0.010    -0.167     0.010     1.878     0.001     1.878     0.012     0.011     2.039     0.072 0.00009276 
2017-12-08 12:07:08   1890     0.010    -0.168     0.010     1.539     0.001     1.539     0.011     0.010     1.703     0.072 0.00009272 
2017-12-08 12:07:09   1900     0.009    -0.169     0.009     1.733     0.001     1.733     0.012     0.011     1.897     0.072 0.00009268  Graphing
     0.54,   0.54,   0.55,   0.54,   0.29,   0.55,   0.55,   0.55,   0.55,   0.29
[-0.9375  -0.90625  0.      -0.9375   0.6875 ] [-0.76124209 -0.76140434 -0.010095   -0.74184716  0.60121852]
Date                  Step    Loss_X    Loss_G    Loss_Z  Loss_PIN     kappa learning_rate
2017-12-08 12:07:11   1910     0.010    -0.144     0.010     1.882     0.001     1.882     0.012     0.011     2.022     0.072 0.00009264 
2017-12-08 12:07:12   1920     0.010    -0.170     0.010     1.973     0.001     1.973     0.012     0.011     2.138     0.072 0.00009261 
2017-12-08 12:07:13   1930     0.010    -0.144     0.010     1.817     0.001     1.817     0.012     0.011     1.957     0.072 0.00009257 
2017-12-08 12:07:14   1940     0.010    -0.172     0.010     1.919     0.001     1.919     0.012     0.010     2.086     0.072 0.00009253 
2017-12-08 12:07:15   1950     0.009    -0.145     0.009     1.759     0.001     1.759     0.012     0.011     1.900     0.072 0.00009250 
2017-12-08 12:07:16   1960     0.009    -0.173     0.009     1.777     0.001     1.777     0.012     0.012     1.944     0.072 0.00009246 
2017-12-08 12:07:17   1970     0.010    -0.174     0.010     1.890     0.001     1.890     0.014     0.013     2.060     0.072 0.00009242 
2017-12-08 12:07:18   1980     0.010    -0.146     0.010     1.619     0.001     1.619     0.012     0.011     1.761     0.072 0.00009239 
2017-12-08 12:07:18   1990     0.010    -0.176     0.010     1.617     0.001     1.617     0.010     0.010     1.788     0.072 0.00009235 
2017-12-08 12:07:19   2000     0.010    -0.041     0.010     2.027     0.001     2.027     0.012     0.011     2.065     0.072 0.00009231  Graphing
     0.58,   0.58,   0.55,   0.54,   0.29,   0.60,   0.60,   0.56,   0.56,   0.29
[-0.9375  -0.8125  -0.15625 -0.875    0.59375] [-0.76133358 -0.76144797 -0.03938815 -0.74593371  0.62002939]
Date                  Step    Loss_X    Loss_G    Loss_Z  Loss_PIN     kappa learning_rate
2017-12-08 12:07:21   2010     0.010    -0.177     0.010     1.787     0.001     1.787     0.012     0.011     1.961     0.072 0.00009227 
2017-12-08 12:07:22   2020     0.010    -0.114     0.010     2.034     0.001     2.034     0.013     0.012     2.145     0.072 0.00009224 
2017-12-08 12:07:23   2030     0.009    -0.178     0.009     2.080     0.001     2.080     0.012     0.011     2.254     0.072 0.00009220 
2017-12-08 12:07:24   2040     0.010    -0.180     0.010     1.575     0.001     1.575     0.011     0.010     1.752     0.072 0.00009216 
2017-12-08 12:07:25   2050     0.010    -0.150     0.010     1.558     0.001     1.558     0.011     0.010     1.705     0.072 0.00009213 
2017-12-08 12:07:25   2060     0.010    -0.180     0.010     1.897     0.001     1.897     0.012     0.011     2.072     0.072 0.00009209 
2017-12-08 12:07:26   2070     0.010    -0.182     0.010     1.952     0.001     1.952     0.012     0.011     2.129     0.072 0.00009205 
2017-12-08 12:07:27   2080     0.010    -0.150     0.010     1.689     0.001     1.689     0.012     0.010     1.835     0.072 0.00009202 
2017-12-08 12:07:28   2090     0.010    -0.183     0.010     1.751     0.001     1.751     0.012     0.011     1.928     0.072 0.00009198 
2017-12-08 12:07:29   2100     0.009    -0.183     0.009     1.700     0.001     1.700     0.012     0.010     1.879     0.072 0.00009194  Graphing
     0.57,   0.57,   0.55,   0.54,   0.29,   0.56,   0.57,   0.54,   0.54,   0.28
[-0.90625 -0.9375  -0.1875  -0.9375   0.6875 ] [-0.76139522 -0.76147699 -0.06227253 -0.74882138  0.64188826]
Date                  Step    Loss_X    Loss_G    Loss_Z  Loss_PIN     kappa learning_rate
2017-12-08 12:07:31   2110     0.012    -0.184     0.012     1.669     0.001     1.669     0.013     0.011     1.850     0.072 0.00009191 
2017-12-08 12:07:32   2120     0.010    -0.154     0.010     1.805     0.001     1.805     0.012     0.011     1.956     0.072 0.00009187 
2017-12-08 12:07:32   2130     0.010    -0.186     0.010     1.679     0.001     1.679     0.012     0.011     1.862     0.072 0.00009183 
2017-12-08 12:07:33   2140     0.010    -0.186     0.010     1.881     0.001     1.881     0.012     0.011     2.064     0.072 0.00009180 
2017-12-08 12:07:34   2150     0.009    -0.188     0.009     1.654     0.001     1.654     0.011     0.010     1.838     0.072 0.00009176 
2017-12-08 12:07:35   2160     0.009    -0.188     0.009     1.581     0.001     1.581     0.012     0.011     1.766     0.072 0.00009172 
2017-12-08 12:07:36   2170     0.010    -0.189     0.010     1.918     0.001     1.918     0.012     0.010     2.103     0.072 0.00009169 
2017-12-08 12:07:37   2180     0.011    -0.190     0.011     1.595     0.001     1.595     0.011     0.011     1.782     0.072 0.00009165 
2017-12-08 12:07:38   2190     0.010    -0.188     0.010     1.697     0.001     1.697     0.012     0.011     1.882     0.072 0.00009161 
2017-12-08 12:07:39   2200     0.009    -0.157     0.009     1.784     0.001     1.784     0.012     0.011     1.938     0.072 0.00009158  Graphing
     0.54,   0.54,   0.55,   0.54,   0.29,   0.55,   0.55,   0.55,   0.55,   0.29
[-0.96875 -0.84375 -0.21875 -0.9375   0.65625] [-0.76144141 -0.76150203 -0.07435543 -0.75123256  0.65976346]
Date                  Step    Loss_X    Loss_G    Loss_Z  Loss_PIN     kappa learning_rate
2017-12-08 12:07:41   2210     0.009    -0.049     0.009     1.708     0.001     1.708     0.010     0.009     1.754     0.072 0.00009154 
2017-12-08 12:07:41   2220     0.010    -0.193     0.010     1.673     0.001     1.673     0.012     0.011     1.862     0.072 0.00009150 
2017-12-08 12:07:42   2230     0.010    -0.191     0.010     1.749     0.001     1.749     0.012     0.010     1.936     0.072 0.00009147 
2017-12-08 12:07:43   2240     0.009    -0.191     0.009     1.819     0.001     1.819     0.011     0.010     2.006     0.072 0.00009143 
2017-12-08 12:07:44   2250     0.009    -0.122     0.009     1.730     0.001     1.730     0.012     0.010     1.848     0.072 0.00009139 
2017-12-08 12:07:45   2260     0.009    -0.195     0.009     1.811     0.001     1.811     0.013     0.012     2.004     0.072 0.00009136 
2017-12-08 12:07:46   2270     0.010    -0.193     0.010     2.147     0.001     2.147     0.013     0.012     2.336     0.072 0.00009132 
2017-12-08 12:07:47   2280     0.009    -0.193     0.009     1.705     0.001     1.705     0.011     0.010     1.896     0.072 0.00009128 
2017-12-08 12:07:48   2290     0.010    -0.048     0.010     1.946     0.001     1.946     0.012     0.011     1.991     0.072 0.00009125 
2017-12-08 12:07:49   2300     0.009    -0.051     0.009     1.921     0.001     1.921     0.011     0.010     1.969     0.072 0.00009121  Graphing
     0.55,   0.55,   0.55,   0.54,   0.29,   0.53,   0.54,   0.53,   0.52,   0.27
[-1.      -0.71875 -0.40625 -0.9375   0.78125] [-0.76147586 -0.76152009 -0.095573   -0.75310546  0.67359203]
Date                  Step    Loss_X    Loss_G    Loss_Z  Loss_PIN     kappa learning_rate
2017-12-08 12:07:50   2310     0.009    -0.196     0.009     1.744     0.001     1.744     0.013     0.011     1.938     0.072 0.00009117 
2017-12-08 12:07:51   2320     0.009    -0.199     0.009     1.505     0.001     1.505     0.011     0.010     1.701     0.072 0.00009114 
2017-12-08 12:07:52   2330     0.009    -0.200     0.009     2.663     0.001     2.663     0.016     0.014     2.861     0.072 0.00009110 
2017-12-08 12:07:53   2340     0.009    -0.198     0.009     2.047     0.001     2.047     0.013     0.011     2.241     0.072 0.00009106 
2017-12-08 12:07:54   2350     0.011    -0.054     0.011     2.002     0.001     2.002     0.014     0.012     2.053     0.072 0.00009103 
2017-12-08 12:07:55   2360     0.010    -0.128     0.010     2.000     0.001     2.000     0.013     0.012     2.124     0.072 0.00009099 
2017-12-08 12:07:56   2370     0.010    -0.199     0.010     1.653     0.001     1.653     0.013     0.011     1.850     0.072 0.00009096 
2017-12-08 12:07:57   2380     0.009    -0.200     0.009     2.055     0.001     2.055     0.014     0.012     2.251     0.072 0.00009092 
2017-12-08 12:07:57   2390     0.010    -0.204     0.010     1.384     0.001     1.384     0.011     0.010     1.585     0.072 0.00009088 
2017-12-08 12:07:58   2400     0.009    -0.204     0.009     1.780     0.001     1.780     0.014     0.011     1.981     0.072 0.00009085  Graphing
     0.56,   0.56,   0.55,   0.54,   0.29,   0.55,   0.56,   0.53,   0.53,   0.27
[-0.96875 -0.875   -0.15625 -0.90625  0.59375] [-0.76150209 -0.76153469 -0.10600138 -0.75464535  0.68728727]
Date                  Step    Loss_X    Loss_G    Loss_Z  Loss_PIN     kappa learning_rate
2017-12-08 12:08:00   2410     0.009    -0.202     0.009     1.590     0.001     1.590     0.012     0.010     1.789     0.072 0.00009081 
2017-12-08 12:08:01   2420     0.009    -0.167     0.009     1.865     0.001     1.865     0.012     0.011     2.030     0.072 0.00009077 
2017-12-08 12:08:02   2430     0.009    -0.206     0.009     1.412     0.001     1.412     0.013     0.011     1.615     0.072 0.00009074 
2017-12-08 12:08:03   2440     0.009    -0.203     0.009     1.847     0.001     1.847     0.012     0.010     2.048     0.072 0.00009070 
2017-12-08 12:08:04   2450     0.009    -0.208     0.009     2.003     0.001     2.003     0.012     0.010     2.208     0.072 0.00009066 
2017-12-08 12:08:04   2460     0.009    -0.208     0.009     1.576     0.001     1.576     0.013     0.011     1.782     0.072 0.00009063 
2017-12-08 12:08:05   2470     0.010    -0.054     0.010     1.860     0.001     1.860     0.012     0.010     1.911     0.072 0.00009059 
2017-12-08 12:08:06   2480     0.010    -0.210     0.010     1.605     0.001     1.605     0.011     0.010     1.812     0.072 0.00009056 
2017-12-08 12:08:07   2490     0.010    -0.211     0.010     1.660     0.001     1.660     0.012     0.010     1.868     0.072 0.00009052 
2017-12-08 12:08:08   2500     0.009    -0.211     0.009     2.117     0.001     2.117     0.014     0.012     2.327     0.072 0.00009048  Graphing
     0.58,   0.58,   0.55,   0.54,   0.29,   0.57,   0.58,   0.53,   0.53,   0.27
[-1.      -0.6875  -0.25    -0.875    0.71875] [-0.76152349 -0.76154637 -0.13125671 -0.75607824  0.69683546]
Date                  Step    Loss_X    Loss_G    Loss_Z  Loss_PIN     kappa learning_rate
2017-12-08 12:08:10   2510     0.010    -0.208     0.010     1.603     0.001     1.603     0.013     0.011     1.809     0.072 0.00009045 
2017-12-08 12:08:11   2520     0.009    -0.055     0.009     1.867     0.001     1.867     0.013     0.011     1.921     0.072 0.00009041 
2017-12-08 12:08:11   2530     0.009    -0.209     0.009     1.857     0.001     1.857     0.012     0.011     2.063     0.072 0.00009038 
2017-12-08 12:08:12   2540     0.009    -0.055     0.009     1.862     0.001     1.862     0.011     0.010     1.913     0.072 0.00009034 
2017-12-08 12:08:13   2550     0.009    -0.134     0.009     1.967     0.001     1.967     0.013     0.012     2.099     0.072 0.00009030 
2017-12-08 12:08:14   2560     0.009    -0.215     0.009     1.809     0.001     1.809     0.012     0.010     2.022     0.072 0.00009027 
2017-12-08 12:08:15   2570     0.011    -0.211     0.011     1.450     0.001     1.450     0.011     0.009     1.659     0.072 0.00009023 
2017-12-08 12:08:16   2580     0.010    -0.212     0.010     2.064     0.001     2.064     0.014     0.012     2.275     0.072 0.00009019 
2017-12-08 12:08:17   2590     0.009    -0.217     0.009     2.036     0.001     2.036     0.013     0.011     2.251     0.072 0.00009016 
2017-12-08 12:08:18   2600     0.009    -0.218     0.009     1.511     0.001     1.511     0.010     0.009     1.727     0.072 0.00009012  Graphing
     0.56,   0.56,   0.55,   0.54,   0.29,   0.57,   0.58,   0.55,   0.55,   0.28
[-1.      -0.84375 -0.40625 -0.9375   0.90625] [-0.7615388  -0.7615549  -0.15171283 -0.75710434  0.70650071]
Date                  Step    Loss_X    Loss_G    Loss_Z  Loss_PIN     kappa learning_rate
2017-12-08 12:08:20   2610     0.009    -0.219     0.009     1.518     0.001     1.518     0.012     0.010     1.734     0.072 0.00009009 
2017-12-08 12:08:20   2620     0.010    -0.214     0.010     1.883     0.001     1.883     0.015     0.012     2.095     0.072 0.00009005 
2017-12-08 12:08:21   2630     0.008    -0.215     0.008     1.394     0.001     1.394     0.012     0.010     1.606     0.072 0.00009001 
2017-12-08 12:08:22   2640     0.010    -0.221     0.010     1.802     0.001     1.802     0.013     0.011     2.020     0.072 0.00008998 
2017-12-08 12:08:23   2650     0.009    -0.216     0.009     1.941     0.001     1.941     0.014     0.011     2.155     0.072 0.00008994 
2017-12-08 12:08:24   2660     0.009    -0.177     0.009     1.500     0.001     1.500     0.012     0.010     1.676     0.072 0.00008991 
2017-12-08 12:08:25   2670     0.010    -0.217     0.010     2.098     0.001     2.098     0.015     0.013     2.313     0.072 0.00008987 
2017-12-08 12:08:26   2680     0.009    -0.223     0.009     1.699     0.001     1.699     0.012     0.010     1.920     0.072 0.00008983 
2017-12-08 12:08:27   2690     0.010    -0.224     0.010     1.640     0.001     1.640     0.013     0.011     1.862     0.072 0.00008980 
2017-12-08 12:08:28   2700     0.010    -0.224     0.010     1.754     0.001     1.754     0.014     0.011     1.977     0.072 0.00008976  Graphing
     0.56,   0.56,   0.55,   0.54,   0.29,   0.57,   0.56,   0.55,   0.55,   0.29
[-0.96875 -0.90625  0.125   -0.90625  0.5625 ] [-0.76155025 -0.76156211 -0.16450636 -0.75791162  0.71492136]
Date                  Step    Loss_X    Loss_G    Loss_Z  Loss_PIN     kappa learning_rate
2017-12-08 12:08:29   2710     0.009    -0.174     0.009     1.510     0.001     1.510     0.011     0.009     1.682     0.072 0.00008973 
2017-12-08 12:08:30   2720     0.010    -0.226     0.010     1.541     0.001     1.541     0.012     0.010     1.765     0.072 0.00008969 
2017-12-08 12:08:31   2730     0.009    -0.221     0.009     1.817     0.001     1.817     0.014     0.011     2.036     0.072 0.00008966 
2017-12-08 12:08:32   2740     0.009    -0.141     0.009     1.372     0.001     1.372     0.012     0.010     1.511     0.072 0.00008962 
2017-12-08 12:08:33   2750     0.009    -0.227     0.009     1.521     0.001     1.521     0.011     0.009     1.746     0.072 0.00008958 
2017-12-08 12:08:34   2760     0.009    -0.228     0.009     2.131     0.001     2.131     0.014     0.012     2.358     0.072 0.00008955 
2017-12-08 12:08:35   2770     0.009    -0.229     0.009     1.646     0.001     1.646     0.014     0.011     1.873     0.072 0.00008951 
2017-12-08 12:08:35   2780     0.009    -0.229     0.009     1.837     0.001     1.837     0.015     0.012     2.065     0.072 0.00008948 
2017-12-08 12:08:36   2790     0.009    -0.230     0.009     1.719     0.001     1.719     0.012     0.010     1.947     0.072 0.00008944 
2017-12-08 12:08:37   2800     0.008    -0.225     0.008     1.999     0.001     1.999     0.014     0.011     2.222     0.072 0.00008940  Graphing
     0.56,   0.56,   0.55,   0.54,   0.29,   0.56,   0.56,   0.55,   0.55,   0.29
[-0.90625 -0.875   -0.09375 -0.84375  0.65625] [-0.76155889 -0.76156759 -0.1960846  -0.75856256  0.72099626]
Date                  Step    Loss_X    Loss_G    Loss_Z  Loss_PIN     kappa learning_rate
2017-12-08 12:08:39   2810     0.009    -0.231     0.009     2.137     0.001     2.137     0.014     0.011     2.367     0.072 0.00008937 
2017-12-08 12:08:40   2820     0.009    -0.232     0.009     1.466     0.001     1.466     0.011     0.009     1.696     0.072 0.00008933 
2017-12-08 12:08:41   2830     0.010    -0.226     0.010     1.708     0.001     1.708     0.011     0.010     1.932     0.072 0.00008930 
2017-12-08 12:08:42   2840     0.010    -0.227     0.010     2.160     0.001     2.160     0.015     0.012     2.385     0.072 0.00008926 
2017-12-08 12:08:42   2850     0.009    -0.234     0.009     1.830     0.001     1.830     0.013     0.011     2.063     0.072 0.00008923 
2017-12-08 12:08:43   2860     0.009    -0.186     0.009     1.835     0.001     1.835     0.014     0.011     2.019     0.072 0.00008919 
2017-12-08 12:08:44   2870     0.009    -0.145     0.009     1.870     0.001     1.870     0.016     0.013     2.013     0.072 0.00008915 
2017-12-08 12:08:45   2880     0.008    -0.236     0.008     1.725     0.001     1.725     0.012     0.010     1.960     0.072 0.00008912 
2017-12-08 12:08:46   2890     0.010    -0.187     0.010     1.642     0.001     1.642     0.011     0.010     1.828     0.072 0.00008908 
2017-12-08 12:08:47   2900     0.009    -0.180     0.009     1.976     0.001     1.976     0.015     0.012     2.154     0.072 0.00008905  Graphing
     0.56,   0.56,   0.55,   0.54,   0.29,   0.55,   0.55,   0.54,   0.53,   0.27
[-0.90625 -0.90625  0.03125 -0.90625  0.5    ] [-0.76156616 -0.76157272 -0.21978018 -0.75913018  0.72616255]
Date                  Step    Loss_X    Loss_G    Loss_Z  Loss_PIN     kappa learning_rate
2017-12-08 12:08:49   2910     0.010    -0.231     0.010     1.831     0.001     1.831     0.015     0.011     2.061     0.072 0.00008901 
2017-12-08 12:08:49   2920     0.009    -0.231     0.009     2.258     0.001     2.258     0.015     0.013     2.488     0.072 0.00008898 
2017-12-08 12:08:50   2930     0.010    -0.232     0.010     1.707     0.001     1.707     0.012     0.010     1.938     0.072 0.00008894 
2017-12-08 12:08:51   2940     0.010    -0.240     0.010     1.797     0.001     1.797     0.012     0.011     2.035     0.072 0.00008891 
2017-12-08 12:08:52   2950     0.009    -0.073     0.009     1.772     0.001     1.772     0.013     0.010     1.844     0.072 0.00008887 
2017-12-08 12:08:53   2960     0.009    -0.183     0.009     1.977     0.001     1.977     0.015     0.012     2.160     0.072 0.00008883 
2017-12-08 12:08:54   2970     0.009    -0.023     0.009     1.531     0.001     1.531     0.011     0.009     1.552     0.072 0.00008880 
2017-12-08 12:08:55   2980     0.009    -0.235     0.009     1.958     0.001     1.958     0.013     0.011     2.191     0.072 0.00008876 
2017-12-08 12:08:56   2990     0.009    -0.242     0.009     1.431     0.001     1.431     0.009     0.008     1.672     0.072 0.00008873 
2017-12-08 12:08:57   3000     0.009    -0.184     0.009     1.891     0.001     1.891     0.015     0.012     2.074     0.072 0.00008869  Graphing
     0.56,   0.56,   0.55,   0.54,   0.29,   0.56,   0.56,   0.54,   0.54,   0.28
[-1.      -0.875    0.      -0.84375  0.53125] [-0.76157212 -0.76157659 -0.21634392 -0.75957507  0.73019677]
Date                  Step    Loss_X    Loss_G    Loss_Z  Loss_PIN     kappa learning_rate
2017-12-08 12:08:58   3010     0.009    -0.078     0.009     1.731     0.001     1.731     0.012     0.010     1.807     0.072 0.00008866 
2017-12-08 12:08:59   3020     0.009    -0.090     0.009     2.008     0.001     2.008     0.013     0.011     2.097     0.072 0.00008862 
2017-12-08 12:09:00   3030     0.009    -0.185     0.009     1.890     0.001     1.890     0.013     0.011     2.075     0.072 0.00008859 
2017-12-08 12:09:01   3040     0.009    -0.245     0.009     1.808     0.001     1.808     0.015     0.012     2.051     0.072 0.00008855 
2017-12-08 12:09:02   3050     0.010    -0.076     0.010     1.765     0.001     1.765     0.014     0.011     1.840     0.072 0.00008851 
2017-12-08 12:09:03   3060     0.009    -0.239     0.009     2.022     0.001     2.022     0.015     0.012     2.261     0.072 0.00008848 
2017-12-08 12:09:04   3070     0.008    -0.247     0.008     2.000     0.001     2.000     0.015     0.012     2.245     0.072 0.00008844 
2017-12-08 12:09:04   3080     0.009    -0.241     0.009     1.622     0.001     1.622     0.013     0.010     1.862     0.072 0.00008841 
2017-12-08 12:09:05   3090     0.008    -0.248     0.008     1.561     0.001     1.561     0.012     0.009     1.808     0.072 0.00008837 
2017-12-08 12:09:06   3100     0.009    -0.249     0.009     1.470     0.001     1.470     0.012     0.009     1.717     0.072 0.00008834  Graphing
     0.56,   0.56,   0.55,   0.54,   0.29,   0.57,   0.57,   0.55,   0.55,   0.28
[-0.96875 -0.9375  -0.125   -0.9375   0.75   ] [-0.76157647 -0.76157993 -0.21225663 -0.75994128  0.73399407]
Date                  Step    Loss_X    Loss_G    Loss_Z  Loss_PIN     kappa learning_rate
2017-12-08 12:09:08   3110     0.009    -0.242     0.009     1.805     0.001     1.805     0.015     0.011     2.046     0.072 0.00008830 
2017-12-08 12:09:09   3120     0.009    -0.091     0.009     1.712     0.001     1.712     0.013     0.010     1.802     0.072 0.00008827 
2017-12-08 12:09:10   3130     0.008    -0.250     0.008     1.865     0.001     1.865     0.016     0.012     2.115     0.072 0.00008823 
2017-12-08 12:09:10   3140     0.010    -0.244     0.010     1.718     0.001     1.718     0.014     0.011     1.961     0.072 0.00008820 
2017-12-08 12:09:11   3150     0.008    -0.251     0.008     2.140     0.001     2.140     0.014     0.011     2.390     0.072 0.00008816 
2017-12-08 12:09:12   3160     0.008    -0.197     0.008     1.440     0.001     1.440     0.012     0.009     1.636     0.072 0.00008813 
2017-12-08 12:09:13   3170     0.009    -0.246     0.009     1.763     0.001     1.763     0.014     0.010     2.007     0.072 0.00008809 
2017-12-08 12:09:14   3180     0.009    -0.246     0.009     2.104     0.001     2.104     0.016     0.013     2.350     0.072 0.00008806 
2017-12-08 12:09:15   3190     0.008    -0.254     0.008     1.700     0.001     1.700     0.014     0.011     1.954     0.072 0.00008802 
2017-12-08 12:09:16   3200     0.010    -0.255     0.010     1.760     0.001     1.760     0.013     0.010     2.014     0.072 0.00008799  Graphing
     0.56,   0.56,   0.55,   0.54,   0.29,   0.56,   0.56,   0.54,   0.54,   0.28
[-1.      -0.84375 -0.3125  -0.90625  0.65625] [-0.76158011 -0.7615822  -0.22254568 -0.76022208  0.73753577]
Date                  Step    Loss_X    Loss_G    Loss_Z  Loss_PIN     kappa learning_rate
2017-12-08 12:09:17   3210     0.009    -0.255     0.009     1.975     0.001     1.975     0.015     0.012     2.229     0.072 0.00008795 
2017-12-08 12:09:18   3220     0.009    -0.256     0.009     1.565     0.001     1.565     0.012     0.010     1.819     0.072 0.00008791 
2017-12-08 12:09:19   3230     0.008    -0.257     0.008     2.263     0.001     2.263     0.016     0.013     2.519     0.072 0.00008788 
2017-12-08 12:09:20   3240     0.008    -0.250     0.008     2.270     0.001     2.270     0.016     0.012     2.520     0.072 0.00008784 
2017-12-08 12:09:21   3250     0.010    -0.250     0.010     2.077     0.001     2.077     0.016     0.012     2.326     0.072 0.00008781 
2017-12-08 12:09:22   3260     0.009    -0.251     0.009     1.869     0.001     1.869     0.015     0.012     2.119     0.072 0.00008777 
2017-12-08 12:09:23   3270     0.008    -0.259     0.008     1.782     0.001     1.782     0.013     0.010     2.040     0.072 0.00008774 
2017-12-08 12:09:24   3280     0.009    -0.259     0.009     1.767     0.001     1.767     0.016     0.013     2.025     0.072 0.00008770 
2017-12-08 12:09:24   3290     0.008    -0.252     0.008     1.820     0.001     1.820     0.013     0.010     2.071     0.072 0.00008767 
2017-12-08 12:09:25   3300     0.010    -0.261     0.010     1.788     0.001     1.788     0.015     0.011     2.049     0.072 0.00008763  Graphing
     0.57,   0.57,   0.55,   0.54,   0.29,   0.59,   0.59,   0.56,   0.57,   0.30
[-0.96875 -0.875   -0.1875  -0.9375   0.59375] [-0.76158226 -0.7615847  -0.23462516 -0.7604512   0.7409004 ]
Date                  Step    Loss_X    Loss_G    Loss_Z  Loss_PIN     kappa learning_rate
2017-12-08 12:09:27   3310     0.009    -0.076     0.009     1.702     0.001     1.702     0.013     0.010     1.777     0.072 0.00008760 
2017-12-08 12:09:28   3320     0.009    -0.262     0.009     2.013     0.001     2.013     0.014     0.011     2.274     0.072 0.00008756 
2017-12-08 12:09:29   3330     0.008    -0.262     0.008     1.928     0.001     1.928     0.015     0.012     2.189     0.072 0.00008753 
2017-12-08 12:09:30   3340     0.009    -0.151     0.009     1.945     0.001     1.945     0.013     0.010     2.095     0.072 0.00008749 
2017-12-08 12:09:31   3350     0.008    -0.263     0.008     1.640     0.001     1.640     0.012     0.010     1.903     0.072 0.00008746 
2017-12-08 12:09:32   3360     0.008    -0.264     0.008     1.337     0.001     1.337     0.012     0.009     1.600     0.072 0.00008742 
2017-12-08 12:09:32   3370     0.009    -0.264     0.009     1.704     0.001     1.704     0.014     0.011     1.968     0.072 0.00008739 
2017-12-08 12:09:33   3380     0.008    -0.265     0.008     2.258     0.001     2.258     0.015     0.012     2.522     0.072 0.00008735 
2017-12-08 12:09:34   3390     0.008    -0.257     0.008     1.880     0.000     1.880     0.013     0.010     2.137     0.072 0.00008732 
2017-12-08 12:09:35   3400     0.008    -0.258     0.008     1.720     0.000     1.720     0.014     0.010     1.977     0.072 0.00008728  Graphing
     0.57,   0.57,   0.55,   0.54,   0.29,   0.57,   0.57,   0.54,   0.54,   0.27
[-1.      -0.875   -0.0625  -0.90625  0.65625] [-0.76158494 -0.76158553 -0.24856004 -0.76064473  0.74337149]
Date                  Step    Loss_X    Loss_G    Loss_Z  Loss_PIN     kappa learning_rate
2017-12-08 12:09:37   3410     0.009    -0.267     0.009     1.176     0.001     1.176     0.010     0.008     1.441     0.072 0.00008725 
2017-12-08 12:09:38   3420     0.009    -0.259     0.009     1.528     0.001     1.528     0.015     0.011     1.787     0.072 0.00008721 
2017-12-08 12:09:39   3430     0.009    -0.268     0.009     1.480     0.001     1.480     0.013     0.010     1.747     0.072 0.00008718 
2017-12-08 12:09:40   3440     0.009    -0.208     0.009     2.252     0.001     2.252     0.015     0.012     2.459     0.072 0.00008714 
2017-12-08 12:09:40   3450     0.009    -0.269     0.009     2.026     0.001     2.026     0.015     0.011     2.294     0.072 0.00008711 
2017-12-08 12:09:41   3460     0.009    -0.270     0.009     1.376     0.001     1.376     0.012     0.009     1.644     0.072 0.00008708 
2017-12-08 12:09:42   3470     0.009    -0.262     0.009     1.861     0.001     1.861     0.016     0.011     2.122     0.072 0.00008704 
2017-12-08 12:09:43   3480     0.009    -0.271     0.009     1.774     0.001     1.774     0.013     0.009     2.044     0.072 0.00008701 
2017-12-08 12:09:44   3490     0.008    -0.154     0.008     1.674     0.000     1.674     0.013     0.009     1.828     0.072 0.00008697 
2017-12-08 12:09:45   3500     0.009    -0.272     0.009     1.802     0.001     1.802     0.013     0.010     2.074     0.072 0.00008694  Graphing
     0.56,   0.56,   0.55,   0.54,   0.29,   0.57,   0.57,   0.55,   0.55,   0.30
[-0.96875 -0.875   -0.1875  -0.90625  0.65625] [-0.76158619 -0.76158774 -0.2748504  -0.76080495  0.74539959]
Date                  Step    Loss_X    Loss_G    Loss_Z  Loss_PIN     kappa learning_rate
2017-12-08 12:09:47   3510     0.009    -0.264     0.009     2.033     0.001     2.033     0.016     0.012     2.297     0.072 0.00008690 
2017-12-08 12:09:47   3520     0.009    -0.090     0.009     1.764     0.001     1.764     0.013     0.010     1.854     0.072 0.00008687 
2017-12-08 12:09:48   3530     0.009    -0.265     0.009     1.900     0.001     1.900     0.015     0.011     2.164     0.072 0.00008683 
2017-12-08 12:09:49   3540     0.008    -0.274     0.008     1.474     0.001     1.474     0.013     0.010     1.748     0.072 0.00008680 
2017-12-08 12:09:50   3550     0.008    -0.212     0.008     2.190     0.001     2.190     0.014     0.011     2.402     0.072 0.00008676 
2017-12-08 12:09:51   3560     0.009    -0.276     0.009     1.694     0.001     1.694     0.013     0.010     1.969     0.072 0.00008673 
2017-12-08 12:09:52   3570     0.008    -0.276     0.008     2.133     0.001     2.133     0.016     0.011     2.409     0.072 0.00008669 
2017-12-08 12:09:53   3580     0.009    -0.082     0.009     1.529     0.001     1.529     0.012     0.009     1.610     0.072 0.00008666 
2017-12-08 12:09:53   3590     0.008    -0.204     0.008     1.271     0.001     1.271     0.010     0.008     1.474     0.072 0.00008662 
2017-12-08 12:09:54   3600     0.009    -0.166     0.009     1.169     0.001     1.169     0.011     0.009     1.335     0.072 0.00008659  Graphing
     0.57,   0.57,   0.55,   0.54,   0.29,   0.57,   0.56,   0.54,   0.54,   0.28
[-1.      -1.      -0.21875 -0.96875  0.71875] [-0.7615881  -0.76158875 -0.2990225  -0.76093328  0.74741799]
Date                  Step    Loss_X    Loss_G    Loss_Z  Loss_PIN     kappa learning_rate
2017-12-08 12:09:56   3610     0.008    -0.157     0.008     2.477     0.001     2.477     0.016     0.012     2.633     0.072 0.00008655 
2017-12-08 12:09:57   3620     0.008    -0.083     0.008     1.872     0.001     1.872     0.012     0.010     1.954     0.072 0.00008652 
2017-12-08 12:09:58   3630     0.008    -0.269     0.008     2.207     0.001     2.207     0.016     0.012     2.476     0.072 0.00008648 
2017-12-08 12:09:59   3640     0.008    -0.280     0.008     1.854     0.000     1.854     0.013     0.009     2.134     0.072 0.00008645 
2017-12-08 12:10:00   3650     0.008    -0.281     0.008     1.957     0.000     1.957     0.014     0.010     2.237     0.072 0.00008642 
2017-12-08 12:10:01   3660     0.009    -0.271     0.009     2.136     0.001     2.136     0.015     0.012     2.407     0.072 0.00008638 
2017-12-08 12:10:01   3670     0.008    -0.272     0.008     1.481     0.001     1.481     0.011     0.008     1.752     0.072 0.00008635 
2017-12-08 12:10:02   3680     0.008    -0.272     0.008     1.166     0.001     1.166     0.010     0.008     1.437     0.072 0.00008631 
2017-12-08 12:10:03   3690     0.008    -0.217     0.008     1.369     0.001     1.369     0.012     0.009     1.585     0.072 0.00008628 
2017-12-08 12:10:04   3700     0.008    -0.284     0.008     1.835     0.001     1.835     0.015     0.011     2.118     0.072 0.00008624  Graphing
     0.57,   0.57,   0.55,   0.54,   0.29,   0.58,   0.58,   0.56,   0.56,   0.29
[-0.96875 -0.875   -0.1875  -0.9375   0.59375] [-0.76158905 -0.76158911 -0.31667534 -0.7610479   0.74923623]
Date                  Step    Loss_X    Loss_G    Loss_Z  Loss_PIN     kappa learning_rate
2017-12-08 12:10:06   3710     0.008    -0.284     0.008     1.922     0.000     1.922     0.015     0.011     2.206     0.072 0.00008621 
2017-12-08 12:10:07   3720     0.009    -0.208     0.009     2.022     0.001     2.022     0.015     0.011     2.229     0.072 0.00008617 
2017-12-08 12:10:08   3730     0.008    -0.275     0.008     1.708     0.001     1.708     0.013     0.010     1.982     0.072 0.00008614 
2017-12-08 12:10:09   3740     0.009    -0.275     0.009     1.657     0.001     1.657     0.012     0.009     1.932     0.072 0.00008611 
2017-12-08 12:10:09   3750     0.008    -0.287     0.008     2.470     0.001     2.470     0.018     0.013     2.756     0.072 0.00008607 
2017-12-08 12:10:10   3760     0.008    -0.276     0.008     1.730     0.001     1.730     0.013     0.010     2.006     0.072 0.00008604 
2017-12-08 12:10:11   3770     0.008    -0.288     0.008     1.911     0.001     1.911     0.014     0.010     2.198     0.072 0.00008600 
2017-12-08 12:10:12   3780     0.008    -0.277     0.008     2.421     0.001     2.421     0.017     0.013     2.698     0.072 0.00008597 
2017-12-08 12:10:13   3790     0.010    -0.289     0.010     2.026     0.001     2.026     0.017     0.012     2.314     0.072 0.00008593 
2017-12-08 12:10:14   3800     0.008    -0.278     0.008     1.860     0.001     1.860     0.015     0.011     2.139     0.072 0.00008590  Graphing
     0.53,   0.53,   0.55,   0.54,   0.29,   0.54,   0.54,   0.56,   0.56,   0.29
[-0.96875 -0.9375  -0.09375 -0.875    0.53125] [-0.76158935 -0.76159    -0.32887506 -0.76114142  0.75090694]
Date                  Step    Loss_X    Loss_G    Loss_Z  Loss_PIN     kappa learning_rate
2017-12-08 12:10:16   3810     0.008    -0.098     0.008     2.036     0.001     2.036     0.016     0.011     2.135     0.072 0.00008586 
2017-12-08 12:10:17   3820     0.008    -0.280     0.008     2.270     0.000     2.270     0.017     0.012     2.549     0.072 0.00008583 
2017-12-08 12:10:18   3830     0.008    -0.211     0.008     1.686     0.001     1.686     0.013     0.010     1.897     0.072 0.00008580 
2017-12-08 12:10:18   3840     0.009    -0.281     0.009     2.187     0.001     2.187     0.016     0.012     2.467     0.072 0.00008576 
2017-12-08 12:10:19   3850     0.009    -0.281     0.009     1.998     0.001     1.998     0.016     0.012     2.279     0.072 0.00008573 
2017-12-08 12:10:20   3860     0.008    -0.282     0.008     2.037     0.001     2.037     0.014     0.011     2.318     0.072 0.00008569 
2017-12-08 12:10:21   3870     0.009    -0.294     0.009     2.061     0.001     2.061     0.016     0.011     2.354     0.072 0.00008566 
2017-12-08 12:10:22   3880     0.008    -0.294     0.008     2.042     0.001     2.042     0.012     0.009     2.335     0.072 0.00008562 
2017-12-08 12:10:23   3890     0.009    -0.295     0.009     1.673     0.001     1.673     0.013     0.010     1.967     0.072 0.00008559 
2017-12-08 12:10:24   3900     0.008    -0.284     0.008     2.097     0.000     2.097     0.014     0.011     2.381     0.072 0.00008556  Graphing
     0.56,   0.56,   0.55,   0.54,   0.29,   0.57,   0.57,   0.55,   0.55,   0.29
[-0.96875 -0.78125 -0.125   -0.9375   0.65625] [-0.7615903  -0.7615903  -0.32802457 -0.76121718  0.75239432]
Date                  Step    Loss_X    Loss_G    Loss_Z  Loss_PIN     kappa learning_rate
2017-12-08 12:10:25   3910     0.007    -0.296     0.007     1.657     0.000     1.657     0.013     0.010     1.953     0.072 0.00008552 
2017-12-08 12:10:26   3920     0.008    -0.297     0.008     1.642     0.000     1.642     0.013     0.009     1.938     0.072 0.00008549 
2017-12-08 12:10:27   3930     0.009    -0.286     0.009     1.990     0.001     1.990     0.013     0.010     2.275     0.072 0.00008545 
2017-12-08 12:10:28   3940     0.009    -0.286     0.009     1.841     0.001     1.841     0.015     0.011     2.127     0.072 0.00008542 
2017-12-08 12:10:29   3950     0.008    -0.287     0.008     1.787     0.001     1.787     0.012     0.009     2.074     0.072 0.00008538 
2017-12-08 12:10:30   3960     0.009    -0.287     0.009     1.657     0.001     1.657     0.013     0.010     1.944     0.072 0.00008535 
2017-12-08 12:10:31   3970     0.009    -0.227     0.009     2.341     0.000     2.341     0.015     0.011     2.568     0.072 0.00008532 
2017-12-08 12:10:32   3980     0.008    -0.300     0.008     1.895     0.001     1.895     0.016     0.012     2.195     0.072 0.00008528 
2017-12-08 12:10:32   3990     0.008    -0.216     0.008     1.696     0.001     1.696     0.011     0.009     1.912     0.072 0.00008525 
2017-12-08 12:10:33   4000     0.008    -0.301     0.008     1.791     0.000     1.791     0.014     0.010     2.092     0.072 0.00008521  Graphing
     0.56,   0.56,   0.55,   0.54,   0.29,   0.56,   0.57,   0.55,   0.54,   0.28
[-0.96875 -0.84375 -0.21875 -0.9375   0.75   ] [-0.76159167 -0.76159167 -0.34332135 -0.76128292  0.75344521]
Date                  Step    Loss_X    Loss_G    Loss_Z  Loss_PIN     kappa learning_rate
2017-12-08 12:10:36   4010     0.009    -0.229     0.009     2.123     0.001     2.123     0.014     0.011     2.351     0.072 0.00008518 
2017-12-08 12:10:36   4020     0.008    -0.302     0.008     1.655     0.000     1.655     0.013     0.010     1.957     0.072 0.00008515 
2017-12-08 12:10:37   4030     0.009    -0.303     0.009     1.778     0.001     1.778     0.014     0.011     2.081     0.072 0.00008511 
2017-12-08 12:10:38   4040     0.009    -0.291     0.009     1.926     0.000     1.926     0.014     0.010     2.217     0.072 0.00008508 
2017-12-08 12:10:39   4050     0.008    -0.230     0.008     1.981     0.000     1.981     0.015     0.011     2.211     0.072 0.00008504 
2017-12-08 12:10:40   4060     0.008    -0.292     0.008     1.869     0.000     1.869     0.015     0.011     2.161     0.072 0.00008501 
2017-12-08 12:10:41   4070     0.008    -0.305     0.008     2.065     0.000     2.065     0.015     0.011     2.370     0.072 0.00008498 
2017-12-08 12:10:42   4080     0.008    -0.106     0.008     2.329     0.001     2.329     0.017     0.012     2.434     0.072 0.00008494 
2017-12-08 12:10:43   4090     0.008    -0.220     0.008     1.488     0.001     1.488     0.012     0.009     1.707     0.072 0.00008491 
2017-12-08 12:10:44   4100     0.008    -0.306     0.008     2.070     0.000     2.070     0.014     0.010     2.376     0.072 0.00008487  Graphing
     0.57,   0.57,   0.55,   0.54,   0.29,   0.56,   0.56,   0.54,   0.54,   0.28
[-0.84375 -0.84375 -0.25    -1.       0.75   ] [-0.76159191 -0.76159191 -0.34300658 -0.76133537  0.75439256]
Date                  Step    Loss_X    Loss_G    Loss_Z  Loss_PIN     kappa learning_rate
2017-12-08 12:10:45   4110     0.009    -0.295     0.009     2.304     0.001     2.304     0.015     0.011     2.599     0.072 0.00008484 
2017-12-08 12:10:46   4120     0.008    -0.169     0.008     2.016     0.000     2.016     0.015     0.011     2.184     0.072 0.00008481 
2017-12-08 12:10:47   4130     0.008    -0.233     0.008     1.552     0.000     1.552     0.011     0.008     1.785     0.072 0.00008477 
2017-12-08 12:10:48   4140     0.009    -0.297     0.009     2.443     0.000     2.443     0.016     0.012     2.740     0.072 0.00008474 
2017-12-08 12:10:49   4150     0.008    -0.234     0.008     1.683     0.000     1.683     0.013     0.009     1.917     0.072 0.00008470 
2017-12-08 12:10:50   4160     0.007    -0.297     0.007     1.784     0.000     1.784     0.014     0.010     2.082     0.072 0.00008467 
2017-12-08 12:10:51   4170     0.008    -0.222     0.008     1.535     0.000     1.535     0.012     0.009     1.757     0.072 0.00008464 
2017-12-08 12:10:51   4180     0.008    -0.310     0.008     1.890     0.000     1.890     0.016     0.011     2.200     0.072 0.00008460 
2017-12-08 12:10:52   4190     0.008    -0.311     0.008     1.662     0.000     1.662     0.013     0.009     1.973     0.072 0.00008457 
2017-12-08 12:10:53   4200     0.008    -0.311     0.008     2.084     0.000     2.084     0.017     0.012     2.395     0.072 0.00008454  Graphing
     0.57,   0.57,   0.55,   0.54,   0.29,   0.56,   0.56,   0.54,   0.54,   0.27
[-0.90625 -0.90625  0.      -0.9375   0.5625 ] [-0.76159257 -0.76159263 -0.34666139 -0.76137787  0.75510496]
Date                  Step    Loss_X    Loss_G    Loss_Z  Loss_PIN     kappa learning_rate
2017-12-08 12:10:55   4210     0.009    -0.236     0.009     1.848     0.001     1.848     0.014     0.011     2.084     0.072 0.00008450 
2017-12-08 12:10:56   4220     0.009    -0.312     0.009     1.927     0.000     1.927     0.015     0.011     2.239     0.072 0.00008447 
2017-12-08 12:10:57   4230     0.009    -0.109     0.009     1.924     0.001     1.924     0.014     0.010     2.033     0.072 0.00008443 
2017-12-08 12:10:58   4240     0.008    -0.237     0.008     1.693     0.000     1.693     0.013     0.009     1.929     0.072 0.00008440 
2017-12-08 12:10:58   4250     0.008    -0.302     0.008     2.045     0.000     2.045     0.015     0.011     2.347     0.072 0.00008437 
2017-12-08 12:10:59   4260     0.008    -0.302     0.008     2.355     0.001     2.355     0.014     0.010     2.657     0.072 0.00008433 
2017-12-08 12:11:00   4270     0.009    -0.315     0.009     1.667     0.000     1.667     0.015     0.011     1.983     0.072 0.00008430 
2017-12-08 12:11:01   4280     0.009    -0.238     0.009     2.208     0.000     2.208     0.015     0.011     2.447     0.072 0.00008427 
2017-12-08 12:11:02   4290     0.009    -0.239     0.009     2.155     0.000     2.155     0.014     0.010     2.394     0.072 0.00008423 
2017-12-08 12:11:03   4300     0.008    -0.304     0.008     2.137     0.000     2.137     0.016     0.011     2.441     0.072 0.00008420  Graphing
     0.58,   0.58,   0.55,   0.54,   0.29,   0.58,   0.58,   0.54,   0.54,   0.28
[-1.      -0.78125 -0.09375 -0.90625  0.65625] [-0.76159281 -0.76159281 -0.36546817 -0.76141357  0.75577396]
Date                  Step    Loss_X    Loss_G    Loss_Z  Loss_PIN     kappa learning_rate
2017-12-08 12:11:05   4310     0.008    -0.111     0.008     2.172     0.000     2.172     0.015     0.011     2.283     0.072 0.00008416 
2017-12-08 12:11:06   4320     0.008    -0.318     0.008     1.589     0.000     1.589     0.013     0.009     1.907     0.072 0.00008413 
2017-12-08 12:11:06   4330     0.008    -0.112     0.008     1.642     0.001     1.642     0.013     0.010     1.754     0.072 0.00008410 
2017-12-08 12:11:07   4340     0.008    -0.319     0.008     2.099     0.001     2.099     0.014     0.010     2.418     0.072 0.00008406 
2017-12-08 12:11:08   4350     0.009    -0.228     0.009     2.142     0.001     2.142     0.016     0.011     2.370     0.072 0.00008403 
2017-12-08 12:11:09   4360     0.009    -0.113     0.009     2.114     0.001     2.114     0.014     0.010     2.227     0.072 0.00008400 
2017-12-08 12:11:10   4370     0.008    -0.113     0.008     1.673     0.000     1.673     0.012     0